
                        S T E P       1


                                INCREMENT     1


 forces (fx,fy,fz) for set NPROX and time  0.1000000E+01

      1292  4.056592E-01  6.818774E-01 -9.018748E-01
      1293  8.610153E-01  2.569104E+00 -1.649503E+00
      1406  6.033472E-01  6.317086E+00  2.466746E+00
      1408 -3.092885E+00  7.730951E+00  3.523315E+00
      1418 -1.850811E+00  2.422070E+00  1.530215E-01
      1419 -1.853814E+00  2.062694E+00 -1.016274E-01
      1420 -4.897590E+00  8.731576E+00  2.250925E-01
      1524 -1.627119E+00  3.865770E+00 -1.335736E+00
      1525 -9.344492E-01  2.126765E+00 -4.694230E-01
      1526 -3.503510E-01  8.628427E-01 -8.750096E-01
      1527 -6.162029E-02  1.235932E-01 -1.786154E-01
      1528 -7.477965E-02  8.075063E-02 -7.590841E-01
      1556  4.001159E-01  7.988726E+00  9.462810E-01
      1557 -6.274498E-02  8.706343E+00  4.319683E-01
      1558  2.682087E-01  3.039124E+00  9.506078E-01
      1559  5.591428E-01  1.402029E+00  9.730219E-01
      1560 -6.245545E-01  4.516424E+00  9.088716E-01
      1561 -8.480402E-02  4.866215E+00  2.252453E+00
      1562  2.251262E+00  8.149088E+00  1.840366E+00
      1566  7.519237E-01  8.668438E+00  8.187740E-01
      1620 -1.284436E+00  3.146333E+00 -2.431448E+00
      1624  1.257436E+00  1.786176E+00  1.248249E-01
      1625  9.248043E-01  2.085319E+00  1.038515E-01
      1626  1.331631E+00  3.522875E+00  1.960801E-02
      1628  9.249838E-02 -3.441438E-03 -7.268304E-02
      1629  4.752337E-02 -4.996519E-03  1.632433E-02
      1797 -9.694162E-01 -1.590734E+00 -4.465549E-01
      1798 -1.721340E+00 -2.836959E+00 -1.135845E-01
      1799 -1.659037E+00 -4.268997E+00 -4.455646E-01
      1800  1.684715E+00 -1.258050E+00  1.573067E-01
      1801  2.182016E+00 -2.531939E+00 -8.874876E-02
      1802  1.524124E+00 -8.024002E-01  8.684035E-01
      1810 -9.285443E-01 -4.700738E+00  4.887050E-01
      1819  1.034621E+00 -1.438911E+00 -2.161729E-01
      1820  5.317812E-01 -2.780260E-01 -3.474967E-01
      1821  1.453608E+00 -1.434173E+00 -9.090630E-02
      1830  1.070253E+00  7.415803E+00  1.133978E+00
      1831  6.160133E-01  8.225802E+00  9.129310E-01
      1832 -1.469100E-01  3.744989E+00  9.556237E-01
      1833 -4.370352E-01  7.334245E+00  9.346236E-01
      1861 -2.082196E-01  1.018046E+00  3.423803E-01
      1862  1.357835E+00 -1.849551E+00 -2.592696E-01
      1863  1.109364E+00 -1.336019E+00 -2.096597E-01
      1873  0.000000E+00  0.000000E+00  0.000000E+00
      1874  3.119337E-01  9.377754E-02  8.110261E-02
      1875  0.000000E+00  0.000000E+00  0.000000E+00
      1888  9.194450E-03  1.704441E+00  5.751128E-01
      1889 -4.774395E-01  1.497316E+00  9.732178E-01
      1890  3.200275E-01  2.878879E+00  7.805390E-01
      1891  1.119077E+00  3.777852E+00  1.362925E+00
      1892  1.097505E+00  3.751655E+00 -3.619547E-01
      1893  4.153937E-01  2.277616E+00  8.478971E-01
      1914 -7.806147E-01  1.400810E+00 -9.410454E-02
      1915 -1.628521E+00  2.295205E+00 -4.763738E-03
      1916 -1.457556E+00  1.770394E+00  5.968721E-02
      1948 -1.104834E-01  1.762191E-01 -2.163771E+00
      1949  1.862019E+00  2.113912E+01  3.522341E+00
      1950  1.514535E+00  2.228355E+01  4.205188E+00
      1967  2.005752E+00 -1.988541E+01  8.057511E+00
      1968 -2.157799E+00 -1.605417E+01  3.367258E+00
      1969  2.185482E-01 -4.441064E+00  9.891445E-01
      1970  9.546192E-04  4.906812E-03 -7.991374E-03
      1971 -5.692209E-01 -3.405706E+00  1.352406E+00
      1976  1.613280E-01 -3.370804E+00  5.291541E-01
      1977 -1.524769E-01 -1.573496E+00  1.708306E+00
      1981  3.432141E+00 -2.692861E+01  4.445549E+00
      1982  9.141120E-01 -9.443139E+00  1.436659E+00
      2064 -1.091347E-01  3.227697E+00  1.046890E+00
      2065  4.339980E-01  3.822219E+00  1.684177E+00
      2077  4.620745E+00  7.016343E+00  1.109771E+00
      2078  3.938316E+00  7.217579E+00  3.102455E-01
      2440 -2.921757E-01 -1.032547E+00 -7.647353E-01
      2441 -5.821104E-01 -7.390648E-01 -5.059516E-01
      2442 -4.754366E-01 -6.359984E-01 -8.815468E-01
      2444  1.097649E+00  1.403227E+00 -1.806283E-02
      2445  2.052439E+00  7.037785E+00 -2.252678E+00
      2446  1.101871E+00  7.832962E-01 -6.373968E-01
      2447  3.395596E+00  1.012608E+01 -2.014893E+00
      2448  3.712598E+00  9.298985E+00 -1.139380E+00
      2449  0.000000E+00  0.000000E+00  0.000000E+00
      2450  1.083705E+00  1.173865E+00 -4.541164E-02
      2451 -2.270397E-01 -1.379837E+00 -2.409188E-02
      2452  1.510722E+00  1.321999E+00  5.679778E-01
      2453  3.428902E+00  2.541199E+00  2.622324E+00
      2454  1.101013E+00  1.672055E+00  5.999979E-02
      2455  3.690138E+00  8.591393E+00 -8.295227E-01
      2456  1.161373E+00  1.449650E+00 -2.167238E-01
      2457  1.863330E+00  2.407478E+00 -8.799545E-01
      2458  5.111771E-01  9.695498E-01 -7.283505E-01
      2459  1.212107E+00  1.543914E+00 -7.333015E-01
      2460  8.261284E-01  1.429227E+00 -5.109660E-01
      2461  7.415530E-01  7.282184E-01 -1.174371E+00
      2462  6.713310E-01  1.011843E+00 -8.137860E-01
      2463 -4.440962E-01 -5.435219E-01 -6.013194E-01
      2464 -1.870692E-01  1.363192E-01 -6.999657E-01
      2465 -8.541841E-02 -2.699735E-01  1.219156E-03
      2466  0.000000E+00  0.000000E+00  0.000000E+00
      2467  6.538923E-01  1.278719E+00  1.879390E-01
      2468  7.288924E-01  5.274409E-01  2.006309E-01
      2469  6.151414E-01  1.529166E+00 -1.176506E+00
      2470  6.507276E-01  1.157535E-01 -1.962222E-01
      2471 -5.527011E-01 -7.895248E-01 -8.970638E-01
      2481 -1.971706E+00 -4.067287E+00 -2.738262E+00
      2482 -2.001571E+00 -5.572304E+00 -1.260803E+00
      2483 -1.114918E+00 -6.550468E-01 -7.684919E-01
      3068 -4.078091E-01  3.177326E-01  1.773168E-01
      3069 -5.741473E-01 -1.033040E+00 -3.781076E-01
      3070 -8.555467E-01 -9.584221E-01 -4.876084E-01
      3071  0.000000E+00  0.000000E+00  0.000000E+00
      3072  0.000000E+00  0.000000E+00  0.000000E+00
      3073 -1.282590E-01  6.447473E-01 -8.535508E-01
      3074  5.065445E-01  5.440588E-01 -5.242706E-01
      3075  3.708936E-01  1.463846E+00 -8.268656E-01
      3076 -5.090623E-01 -1.182350E+00 -1.939090E+00
      3077  7.009275E-01 -1.276784E+00  9.819152E-01
      3078  3.220102E-01  1.376258E+00  3.203741E-01
      3079  1.670010E+00  4.339458E+00 -9.220596E-01
      3080  1.357139E+00  1.226038E+00  6.082121E-02
      3177 -2.752398E-01  5.504038E-01 -9.568953E-01
      3178 -5.767488E-01  1.795674E+00 -2.182319E+00
      3179 -5.000719E-01  7.622195E-01 -5.369389E-01
      3180 -4.157318E-01  5.172537E-01 -5.498795E-01
      3181 -8.731710E-01  3.894863E-01  5.068620E-01
      3182 -1.153125E+00  7.977267E-01  1.102682E-01
      3410 -6.606457E-01  2.001979E+00  5.975470E-01
      3465 -6.647278E-01  5.414365E+00  2.316348E+00
      3466  2.197506E+00  6.524943E+00  2.759712E+00
      3468  9.956110E+00  1.666588E+01  5.095420E+00
      3470  3.362205E-01  1.878233E+00 -2.159672E-01
      3472 -1.334186E-01  1.697281E+00  4.900846E-01
      3484 -1.919412E-01  7.767671E+00  1.435577E+00
      3487 -3.916484E-01  1.710068E-01  3.361626E-02
      3531  4.494336E+00  1.626696E+01  3.945928E+00
      3546 -2.387315E+00  7.076131E+00 -8.480071E-01
      3547 -4.298548E+00  9.608711E+00 -2.782373E+00
      3548 -6.922510E+00  8.496531E+00  4.538276E-01
      3551 -4.548208E+00  8.741980E+00  1.103154E-01
      3553 -9.072028E-01  1.976150E+00 -2.592173E-01
      3554 -1.288975E+00  2.342279E+00 -4.189843E-01
      3555 -5.432191E-01  8.004065E-01 -2.465541E-01
      3565 -3.937192E+00  2.817091E+00  2.604164E+00
      3568 -4.234591E+00  8.013014E+00 -1.325523E+00
      3584 -1.949187E-01  5.686883E-01 -1.049112E+00
      3585 -1.895290E-01  5.176247E-02 -1.020288E+00
      3599 -1.293675E+00  1.381467E+00 -3.705049E-01
      3600 -2.363731E+00  6.002489E+00 -9.388775E-01
      3601 -8.163043E-01  1.130596E+00 -1.452081E-02
      3602 -5.881603E-01 -1.169331E-01 -8.799061E-01
      3603 -1.668446E+00  1.994047E+00 -6.760549E-01
      3604  0.000000E+00  0.000000E+00  0.000000E+00
      3605  4.075433E-01 -7.289502E-01  2.365090E-01
      3606  9.643246E-01 -3.679495E-01  7.548064E-02
      3607  6.406209E-01 -5.775191E-01 -5.249438E-01
      3608  2.510249E-01  2.200160E-02 -5.160557E-01
      3609  3.058097E-01 -6.682907E-01 -6.336637E-01
      3610  3.310731E-01  6.780486E-01 -6.985042E-01
      3611  2.093306E-01 -3.667220E-01 -9.170434E-01
      3612 -7.093824E-02  3.174124E-01 -1.084607E+00
      3613 -7.043126E-01  6.952990E-01 -5.333024E-01
      3614  2.612958E-01  5.028007E+00  6.881236E-01
      3615  3.122975E-01  2.207419E+00  8.601265E-01
      3616 -1.030819E+00  1.356473E+00 -3.341602E-01
      3617 -1.035858E+00  1.683691E+00 -4.450646E-01
      3618 -1.774778E+00  2.085510E+00 -2.376963E-01
      3619 -1.406598E+00  1.722304E+00 -2.753841E-01
      3620 -4.846750E+00  5.607686E+00  4.218224E-01
      3621  0.000000E+00  0.000000E+00  0.000000E+00
      3622 -5.952960E-01  1.210867E+00  4.895495E-01
      3623  0.000000E+00  0.000000E+00  0.000000E+00
      3624  1.003089E+00 -6.202495E-01 -8.725202E-01
      3625  1.437774E+00  5.993805E-02  1.163404E+00
      3626  4.124679E-01 -3.994686E-01 -1.987555E-01
      3627  8.790472E-01 -1.539676E+00 -7.751810E-01
      3629 -3.013785E+00 -1.620332E+01  3.957408E+00
      3630 -4.135500E+00 -2.083097E+01  6.642842E+00
      3631  4.790070E+00 -2.946197E+01  6.395481E+00
      3632  8.726432E-01 -4.619205E+00  2.121699E+00
      3633  9.623047E-01 -2.004300E+00  1.544161E+00
      3638  5.116771E-01 -1.851536E+00  1.548382E+00
      3639  0.000000E+00  0.000000E+00  0.000000E+00
      3640  7.424373E-02 -4.413678E-01 -1.963165E-01
      3648 -8.229327E-01 -3.968423E+00  1.803828E+00
      3649 -6.231669E-01 -2.400731E+00  2.123284E+00
      3656 -5.555263E-01 -4.035504E+00  2.914503E+00
      3657  2.837000E-01 -5.221988E+00  2.360906E+00
      3658 -5.134872E-02 -3.793429E+00  1.139241E+00
      3659 -1.030357E+00 -3.735032E+00  1.222628E+00
      3660 -2.366556E-01 -4.387109E+00  1.508563E+00
      3661  0.000000E+00  0.000000E+00  0.000000E+00
      3662  5.706649E-02 -1.073660E+00 -5.947646E-02
      3663 -4.946826E-01 -1.793920E+00  9.811259E-01
      3664 -1.105880E-01 -3.874736E+00  9.089589E-01
      3665 -2.150104E-01 -1.962840E+00  7.287270E-01
      3666  5.490338E-01 -6.614678E+00  9.041618E-02
      3669 -5.021387E-01 -2.197216E+00  1.219914E+00
      3670 -4.177435E-01 -2.407793E+00  9.893604E-01
      3671 -1.633048E-01 -1.162037E+00  4.400773E-01
      3672 -6.758960E-02 -6.101150E+00  6.314998E-01
      3675 -2.184342E-01 -3.304856E+00  1.698478E+00
      3694 -1.227884E+00 -1.358287E+00 -4.611266E-02
      3695 -8.306283E-01 -1.239076E+00 -2.474072E-01
      3696 -1.011782E+00 -1.202164E+00 -6.969113E-02
      3701  1.404457E+00 -3.029673E+00 -1.174941E+00
      3705  1.931961E-01 -1.097617E+00 -4.152860E-01
      3706  8.081145E-01 -1.458323E+00 -6.485199E-01
      3707  9.527925E-01 -1.326959E+00 -8.642363E-01
      3708 -1.443947E+00  2.784371E+00 -1.165625E+00
      3709 -1.296606E+00  1.645921E+00 -4.017084E-01
      3719 -9.891741E-01 -2.141251E+00  6.934047E-02
      3720 -1.429170E+00 -4.188036E+00  8.998912E-02
      3724 -1.180753E+00 -1.571585E+00 -4.000913E-01
      3725  0.000000E+00  0.000000E+00  0.000000E+00
      3726  0.000000E+00  0.000000E+00  0.000000E+00
      3727 -1.321668E+00 -1.237179E+00  1.603199E-01
      3766  2.085962E+00  1.992533E+01  4.799615E+00
      3767  1.238634E+00  1.358799E+01  2.728301E+00
      3768  7.408345E-01  3.303056E+00  1.375268E+00
      3769 -1.381308E-01  2.266108E+00  1.420698E+00
      3770  3.186072E-01  1.046083E+00  7.033202E-01
      3771  3.911720E-01  1.015735E+00  7.581938E-01
      3772  7.503773E-02  1.328829E+00  6.595662E-01
      3773  3.092739E-01  1.107676E+00  3.918070E-01
      3774  3.144483E-01  1.663736E+00  5.667465E-01
      3775  4.177740E-01  2.309354E+00  4.007017E-01
      3776  4.887941E-01  7.537969E+00  1.570561E+00
      3777  4.367966E-01  2.618368E+00  8.030635E-01
      3778  6.810398E-01  6.414887E+00  1.095169E-01
      3779  2.345241E-01  1.430427E+00  2.613389E-01
      3780  1.101150E-01  6.159646E+00 -1.336910E-01
      3808  4.487447E-01  1.858872E+00  1.375213E+00
      3809  2.239856E-01  7.522364E-01  4.090086E-01
      3830  6.584001E+00 -1.919411E+01  5.445163E+00
      3831  2.946634E+00 -8.935777E+00  2.242383E+00
      3832  9.193655E-01 -2.786199E+00  1.472005E+00
      3845  0.000000E+00  0.000000E+00  0.000000E+00
      3846  0.000000E+00  0.000000E+00  0.000000E+00
      3847  0.000000E+00  0.000000E+00  0.000000E+00
      3848 -1.060040E+00  2.292424E+00  9.365022E-01
      3849  4.655821E-01 -1.283670E+00  5.503924E-01
      3850 -7.727584E-01  1.344620E+00  3.598841E-01
      3876 -6.900451E-01  1.044249E+00 -8.904664E-01
      3877 -1.358500E+00  2.723006E+00 -2.072517E+00
      3878 -7.889187E-01  1.469631E+00 -4.814469E-01
      3883  2.073865E-01 -3.930116E-01 -1.070798E+00
      3884  3.265962E-01 -3.434652E-01 -2.499920E+00
      3888 -1.271292E-02 -9.635493E+00  1.500359E+00
      3917 -5.000932E-01  3.223906E+00  9.193062E-01
      3918 -7.145066E-01  4.259734E+00  1.139195E+00
      3919  3.170197E-01  1.161821E+00  9.811803E-01
      3923  1.736655E+00  2.043874E+00 -3.490581E-01
      3924  1.383279E+00  1.916561E+00 -3.866321E-01
      3932 -4.189975E-01  2.785167E+00  1.408516E+00
      3933 -2.321539E-01  9.904991E-01  5.469233E-01
      3934 -4.076506E-01  6.423274E-02  6.082981E-01
      3969 -2.710694E-01  2.263154E+00  4.634413E-01
      3970 -6.480722E-01  4.634454E+00  6.527667E-01
      3973  5.216788E-01  1.994571E+00  9.973061E-01
      3974 -8.309438E-01  4.254385E+00  2.023640E+00
      3975  4.765057E-02  2.626477E+00  1.083387E+00
      3977 -2.946529E+00  9.150887E+00  1.496516E+00
      3978  7.370344E-01  2.635367E+01  6.377554E+00
      3979  4.596311E-01  1.799206E+00  1.140141E+00
      3980 -2.880530E-03  4.199169E+00  1.337010E+00
      3981  5.155891E-02  3.211613E+00  1.006998E+00
      3982 -8.223026E-01  4.212004E+00 -7.085301E-02
      3983  4.369793E-01  4.248297E+00  1.153007E+00
      3993 -1.269769E-02  4.386269E+00  5.503748E-01
      4046 -3.012629E-02 -8.921777E-01 -6.778682E-01
      4047  3.145383E-01  7.799367E-01 -2.482316E+00
      4057  1.134319E+00  1.960354E+00 -5.118598E-01
      4058  1.665428E+00  3.455833E+00 -2.174528E-01
      4063  1.753280E+00  3.170611E+00 -1.148027E+00
      5160  2.055350E-01 -5.896884E-01 -7.809372E-01
      5161 -3.210918E-02 -1.669369E-01 -3.252534E-01
      5162 -1.099365E-01 -1.010780E-01 -9.539051E-01
      5163 -8.918376E-01 -2.166623E+00 -8.442764E-01
      5164 -8.073747E-01 -1.857936E+00 -1.548354E+00
      5167  1.768341E+00  3.552295E+00 -2.958710E-01
      5170  1.566248E+00  3.153748E+00 -2.088852E-03
      5483 -2.495939E+00  2.008827E+01  1.853917E+00
      5484 -8.017560E-02  6.032142E+00  8.696381E-01
      5485  2.804509E-01  2.441969E+00  8.934954E-01
      5486 -1.075793E+00  4.868343E+00 -5.732010E-01
      5487 -3.354639E-01  2.859034E+00  5.243311E-01
      5488 -3.001726E-01  9.585213E-01  4.256552E-01
      5493  3.510420E-01  5.170427E-01 -2.195595E-01
      5503  2.913094E+00 -1.029333E+01  1.907272E+00
      5509 -5.968821E-01 -2.078455E+00  3.700754E+00
      5524  1.249038E-01  1.183910E+00  7.844054E-01
      5525 -1.673059E-01  7.372282E-01  1.057785E+00
      5612  4.899865E+00  1.302638E+01  3.916749E+00
      5615 -1.802635E-01 -1.767510E-01 -2.870355E-01
      5616  0.000000E+00  0.000000E+00  0.000000E+00
      5620 -1.153760E+00  5.411005E+00  2.307868E+00
      5621 -3.497589E+00  2.231506E+01  5.432470E+00
      5622 -1.046684E+00  1.708023E+01  3.653659E+00
      5623 -2.190053E+00  1.157587E+01  2.035891E+00
      5635 -2.237132E+00  5.264128E+00 -2.975456E-02
      5636 -2.200267E+00  5.432652E+00 -1.315804E+00
      5638 -1.904936E+00  4.291025E+00  2.596899E-02
      5701  3.998640E+00  7.588531E+00  1.523587E-01
      5702  1.572617E+00  2.798070E+00 -5.578355E-01
      5776  1.683916E-01  6.523336E-01 -4.141987E-01
      5777  6.943823E-01  3.686006E+00 -3.505348E+00
      5778 -1.844967E-02  2.763626E+00  4.238532E-01
      6003  1.468672E+00 -3.368146E+00 -3.097618E-01
      6004  1.733977E+00 -3.211384E+00 -4.451598E-01
      6039  6.566315E-02  4.902943E-02 -2.246507E-03
      6048 -2.500973E+00 -3.045237E+00  5.294880E-01
      6075 -1.834464E-01  1.873425E+00  6.477846E-01
      6076  0.000000E+00  0.000000E+00  0.000000E+00
      6157  1.732016E-01 -2.880946E+00  7.693137E-01
      6158 -1.184870E-01 -2.936817E+00  1.465425E+00
      6160 -5.663463E+00 -1.166197E+01  3.984673E+00
      6161 -1.083209E+00 -7.833105E+00  3.261209E+00
      6162 -1.660630E-01 -2.309792E+00  2.535455E+00
      6163 -2.935181E-01 -1.786809E+00  1.442154E+00
      6165 -8.889712E-01 -7.113431E+00  1.580402E+00
      6176  9.800218E-01 -9.044918E+00  2.993040E+00
      6181 -3.282070E+00 -1.112107E+00  8.923051E-01
      6182 -5.601499E-02 -1.349496E+00  5.859065E-01
      6192  1.052162E+00 -3.760734E+00  5.482132E-01
      6194 -1.229880E-02 -1.646064E+00  9.649024E-01
      6195  4.118036E-01 -3.461263E+00  8.185584E-01
      6196  3.907203E-01 -2.085401E+00  6.297163E-01
      6199 -1.100221E-01 -2.791440E+00 -2.879907E-01
      6200  3.295651E-01 -2.722402E+00  4.817946E-01
      6202  1.074670E+00 -8.086925E+00  1.493902E+00
      6239 -2.382560E-01  2.266696E-01 -1.891259E-02
      6240 -1.120890E+00 -1.881109E+00  1.226504E+00
      6241 -2.523289E-01 -1.926147E+00  7.452380E-01
      6245 -3.382014E-01 -4.309754E+00  9.491583E-01
      6246  9.894693E-01 -6.094898E+00  8.288785E-01
      6254  4.231460E-01 -2.380816E+00  1.110404E+00
      6255  2.510891E-01 -1.774368E+00  1.086267E+00
      6256  7.782622E-02 -1.176146E+00  6.057278E-01
      6257  1.778209E-01 -3.296457E+00  1.682605E+00
      6258  5.110891E-01 -1.100815E+00  1.080210E+00
      6259  2.024937E-01 -3.084066E+00  1.015304E+00
      6260  5.437867E+00 -1.058324E+01  3.037411E+00
      6261  9.861539E-01 -2.529852E+00  1.888347E+00
      6377  1.255478E+00  4.015371E+00 -1.774615E+00
      6378  1.585333E+00  4.161281E+00 -1.477843E+00
      6379  3.464892E-01  1.050510E+00 -4.697998E-01
      6400 -3.334658E+00  7.991288E+00  2.120448E-01
      6401  0.000000E+00  0.000000E+00  0.000000E+00
      6402 -3.400578E-01  4.814848E-01  3.579202E-01
      6403  8.214367E-02 -1.160761E-01 -3.187365E-02
      6404  2.759466E+00 -6.613261E+00 -2.597996E+00
      6405  3.122253E+00 -1.470466E+01 -1.904819E+00
      6407  1.093827E+00  4.455057E-01  1.599626E+00
      6420 -1.335709E+00 -2.144242E-01 -2.960110E-02
      6421 -3.526285E+00 -6.766056E+00 -1.397252E+00
      6422 -2.690205E+00 -9.231097E+00 -3.313409E+00
      6423 -1.298413E+00 -8.308592E-01  4.812999E-01
      6428 -1.109537E+00  1.165232E+00 -1.606636E-01
      6433 -7.505321E-01 -1.317895E+00  4.694260E-01
      6435  1.556969E+00  1.813123E+00 -4.052774E-01
      6436 -7.011060E-01 -9.784669E-01 -2.603514E-01
      6437  3.037990E-01  7.486992E-01  5.064052E-01
      6438  0.000000E+00  0.000000E+00  0.000000E+00
      6439 -5.527484E-01 -9.753872E-01 -8.229442E-01
      6721 -1.192736E-01 -2.478846E+00  1.510767E+00
      6744 -1.372628E+00 -5.027621E+00  2.340458E-01
      6745  0.000000E+00  0.000000E+00  0.000000E+00
      6749  3.311544E-01 -4.316683E+00  1.181423E+00
      6788 -8.008558E-01 -3.018647E+00 -1.900809E-01
      6789 -5.208129E-02 -3.136374E-01 -7.265187E-01
      6790 -2.152734E-03 -7.298745E-01  6.005072E-01
      6791  1.721920E-01 -2.530304E+00  1.268315E+00
      6792  6.440978E-01 -3.513568E+00  7.763225E-01
      6793 -4.185807E-01 -9.491620E+00  2.464689E+00
      6795 -6.383024E+00 -2.412763E+01  4.456906E+00
      6798 -2.408311E+00 -8.044224E+00  1.832849E+00
      6799  8.726037E-02 -3.308520E+00  1.083393E+00
      6800  1.461820E+00 -1.056212E+01  1.857062E+00
      6801  3.660982E-02 -1.985358E+00  9.208251E-01
      6803  3.083606E-01 -7.533087E+00  2.069721E-01
      6804 -3.344563E-01 -6.891154E+00  6.961371E-01
      6819  7.984125E-01 -4.651033E+00  5.841289E-01
      6825  1.329044E-02 -3.104857E+00  1.027041E+00
      6827 -6.292019E-01 -8.509318E-01 -3.069600E-01
      6828 -6.493368E-01 -1.711613E+00 -2.411456E-01
      6830 -6.888102E-01  3.069395E+00  4.660253E-01
      6841  1.410691E-01 -7.153892E-02 -1.763975E-01
      6842  1.865735E+00 -6.147272E+00 -2.612201E+00
      6865 -1.392632E+00  3.724943E+00 -1.279755E+00
      6866 -2.498854E+00  7.802664E+00 -3.630452E+00
      6880  1.425205E+00 -1.047739E+00  7.642118E-02
      6881 -7.587260E-01  2.181124E+00 -7.425619E-01
      6882 -1.892547E-01 -4.890687E-01 -1.150593E+00
      6883  3.228230E-01  1.278516E+00 -1.016597E+00
      6884 -3.239207E-01 -1.210563E+00 -2.533741E+00
      6916  2.965028E-01 -5.760649E-01  1.685782E-01
      6917  9.238369E-01 -3.391338E-01 -4.110604E-01
      6918 -4.678192E-01 -8.798278E-01 -1.564698E+00
      6930  0.000000E+00  0.000000E+00  0.000000E+00
      6940  2.877190E+00 -4.317611E+00 -7.910309E-01
      6941  7.083267E-01 -4.738696E-01 -1.966630E-01
      6944 -2.319445E+00 -3.768825E+00 -6.816351E-01
      6945 -8.661613E-01 -1.361017E-01 -4.893037E-01
      6946 -2.993325E+00 -5.839521E+00 -1.020516E+00
      6965  6.632069E+00 -7.384792E+00  2.080569E+00
      6988 -1.505137E+00  2.314660E-01  1.259245E-01
      6993  0.000000E+00  0.000000E+00  0.000000E+00
      6994  0.000000E+00  0.000000E+00  0.000000E+00
      6999 -4.189482E-01 -3.060127E-01 -1.251811E-01
      7025  1.606355E+00  3.252011E+00 -1.968931E+00
      7145  3.783166E-02 -3.470354E-02 -8.243395E-01
      7155  3.081117E-02 -7.360136E-02 -1.365488E+00
      7183 -1.535411E-01 -4.288286E-01 -4.480337E-01
      7184 -3.845446E-01 -5.998788E-01 -3.994733E-01
      7185  3.657654E-01  3.661923E-01 -2.283538E-01
      7186 -6.313438E-01 -1.825169E+00  6.664923E-01
      7250  1.100789E+00 -5.310188E+00 -2.280221E+00
      7251  5.876370E+00 -6.079338E+00 -1.054361E+00
      7256 -1.503294E+00 -3.166712E+00 -4.857660E+00
      7265 -3.923842E-01 -2.259123E+00  7.765462E-01
      7266 -7.521892E-01 -1.595291E+00  1.965600E-01
      7267 -4.117634E-01 -4.317309E+00 -1.571874E-01
      7268 -3.961137E-02 -1.426868E+00  2.074675E-01
      7269  0.000000E+00  0.000000E+00  0.000000E+00
      7282  5.533293E-01 -1.253192E+00  1.148179E+00
      7288 -3.230382E-01 -3.945972E-01 -2.146360E-01
      7953 -1.965621E-01  2.084934E+00 -3.273868E-01
      7974  3.403113E+00  6.007863E+00 -4.343740E-01
      7975  1.884963E+00  2.113874E+00  5.124221E-01
      7983  2.347682E-01 -4.297013E-01 -5.283794E-01
      7984  2.392191E-03 -3.678026E-01 -1.084322E+00
      7985  4.295847E-01 -1.040519E+00  5.529029E-01
      7993 -3.812555E+00 -6.372403E+00  1.291452E+00
      7996 -1.031102E+00 -7.559839E-01  2.627931E-01
      7997 -1.855349E+00 -1.606433E+00  8.540166E-02
      8063 -3.768077E+00 -7.090505E+00  6.865146E-02
      8072  1.092758E+00  1.232435E+00 -3.946478E-01
      8073  9.253698E-01 -2.995127E+00 -1.656030E+00
      8078  9.434447E-01 -2.064560E+00  9.355208E-01
      8079 -3.042830E-01 -3.705884E+00  9.898963E-01
      8092  6.743215E-01 -4.677238E+00  2.462606E+00
      8099 -7.600284E-01 -2.269503E-01  1.829863E-01
      8236  4.980614E-01  4.040582E+00  1.904818E-01
      8237 -1.343464E+00  3.769949E+00  5.998564E-01
      8731  1.176741E+00  3.633423E+00 -5.527229E+00
      8897 -1.608878E+00  4.376651E+00 -4.420240E-02
      8927  9.446480E-01  2.724320E+01  6.763708E+00
      8928 -1.141248E-01  2.801062E+00  1.226544E+00
      9013 -2.649663E-01  2.596653E+00  4.281373E-01
      9014 -6.836628E-01  2.101449E+00  7.330748E-01
      9015 -2.928364E-01  3.089539E+00  1.268555E+00
      9017 -2.655931E-01  3.436961E+00  1.202846E+00
      9018  7.698814E-02  1.974846E+00  8.018153E-01
      9019 -1.124784E+00  4.678597E+00  7.086365E-01
      9041 -6.885727E+00  1.331741E+01  4.407182E+00
      9043 -3.612467E+00  1.275719E+01  5.009505E+00
      9081 -4.685558E-02  6.023203E+00  9.759586E-01
      9127 -3.121921E-01  2.746744E+00  1.054531E+00
      9128 -1.254000E+00  1.131105E+01  1.626139E+00
      9138 -1.032413E+00 -3.834085E-01 -5.026699E-01
      9139  0.000000E+00  0.000000E+00  0.000000E+00
      9140  0.000000E+00  0.000000E+00  0.000000E+00
      9141 -3.766281E-01 -3.601604E+00  1.021988E+00
      9146  2.532316E-01 -1.055515E-01 -3.152186E-01
      9172 -1.482461E-01  4.492225E+00  5.080265E-01
      9199  2.207369E+00  5.249716E+00 -1.415824E+00
      9205  2.944261E-03 -1.567888E-01 -1.554685E-01
      9215 -7.279456E-01  3.644520E+00  1.577959E-02
      9278  6.323039E-03  1.023973E-02 -1.528229E-02
      9279  0.000000E+00  0.000000E+00  0.000000E+00
      9280  6.938642E-01  2.052722E+00 -1.712413E-01
      9309  1.658451E+00 -4.403879E+00 -2.178561E-01
      9333 -1.001744E-01  7.565184E+00  3.608410E-01
      9337  5.515862E-01 -1.699199E+00 -6.171721E-01
      9338  6.555196E-01 -4.387340E+00  1.753428E+00
      9417  6.529063E-01  2.205785E-02 -3.246339E-01
      9418 -2.259728E-02 -2.814494E-02 -1.485612E-02
      9419  0.000000E+00  0.000000E+00  0.000000E+00
      9420  0.000000E+00  0.000000E+00  0.000000E+00
      9422 -5.237010E-01  1.868984E+00  1.028541E+00
      9437  9.190608E-01 -3.671659E+00 -7.884537E-01
      9453 -2.505349E+00 -3.646776E+00  6.002202E-01
      9454  0.000000E+00  0.000000E+00  0.000000E+00
      9455 -5.743262E-01 -6.675241E+00 -9.361607E-01
      9460  9.738989E-01 -8.450585E+00 -2.082598E+00
      9461  5.278359E+00 -5.409606E+00  1.339511E+00
      9462  6.282042E-01 -5.682119E-01 -1.318472E-01
      9463  3.356108E-01 -2.231400E+00 -7.379419E-01
      9464  4.409090E-01 -2.398402E+00 -4.971917E-01
      9485  2.180016E-01  5.229973E-01  2.903765E-01
      9486  0.000000E+00  0.000000E+00  0.000000E+00
      9487  3.398203E-01 -1.891907E-01 -6.304789E-01
      9488  0.000000E+00  0.000000E+00  0.000000E+00
      9489  1.353443E+00 -5.055033E+00  4.766230E-01
      9490  1.037562E-01 -9.614153E-02 -1.513817E-01
      9491  3.005914E-01 -9.430915E-01  1.515776E-01
      9495  6.768791E-01 -1.715069E+00  6.159321E-02
      9534  0.000000E+00  0.000000E+00  0.000000E+00
      9638  2.023231E-01 -2.111021E-01  8.962747E-02
      9661  0.000000E+00  0.000000E+00  0.000000E+00
      9662  4.098903E-01  1.749942E-01  1.299675E-01
      9663 -1.820059E+00 -3.540055E+00 -2.463817E+00
      9666 -7.752118E-01 -3.210218E+00 -3.131227E-01
      9667 -7.595861E-01 -1.799513E+00 -7.402374E-01
      9669 -8.662005E-01 -3.204354E-01 -5.088842E-01
      9670 -5.409251E-01 -3.591175E+00 -1.619357E-01
      9671 -6.538813E-01 -1.332681E+00 -5.804794E-01
      9736  1.558862E-01  1.343092E+01  1.680867E+00
      9743 -2.469843E-01 -1.695505E-01 -1.782948E-01
      9780 -8.727109E-01 -3.211759E+00  4.154464E-01
      9793  0.000000E+00  0.000000E+00  0.000000E+00
     10048 -9.135476E-01 -2.105586E+00  1.284509E+00
     10073 -6.607037E-02 -1.279979E-01 -1.343390E+00
     10100  4.103033E-01 -2.380348E+00 -4.331859E-03
     10161 -9.439059E-01 -2.837692E+00  5.316071E-01
     10162 -1.493880E-01 -1.120202E+00  6.738390E-01
     10169  2.135032E+00  9.639573E+00  2.324162E+00
     10194 -7.668384E-02  1.937608E+00 -3.135278E+00
     10228 -1.449538E-01 -1.182321E+01  4.054316E+00
     10231  7.551700E-01 -4.979659E-01 -1.996153E-01
     10260  0.000000E+00  0.000000E+00  0.000000E+00
     10454  3.210524E+00 -5.707112E+00 -9.370090E-01
     10461  0.000000E+00  0.000000E+00  0.000000E+00
     10514 -8.507059E-01 -1.556239E+00  7.042149E-02
     10515 -3.855384E-01 -7.236089E-01 -2.308578E-01
     10521 -3.001036E-01  5.012893E-01 -4.126020E+00
     10524  0.000000E+00  0.000000E+00  0.000000E+00
     10606  7.282701E-01 -1.107705E+00 -1.968390E+00
     10609  7.238350E-01 -4.143780E+00 -4.184564E+00
     10628 -1.149228E+00 -1.498157E+00  9.246115E-01
     10656 -7.467835E-01 -1.478632E+00  1.646372E+00
     10660 -1.155062E+00 -8.358231E-01  1.107314E+00
     13435  2.982523E-01  8.387663E-01 -4.854492E-01
     13436  3.809275E-01  7.790689E-01 -3.356988E-01
     13437 -7.873073E-01 -1.201869E+00  4.439974E-01
     13438  3.396493E-01  4.459201E-01 -9.700857E-02
     13439 -7.409625E-01 -1.221641E+00 -2.319939E-01
     13440 -8.016091E-01 -1.494142E+00 -3.073115E-01
     13473 -5.408445E-01 -1.263256E+00  4.032983E-04
     13542  1.317785E-01 -1.854389E-01  2.316601E-02
     13543 -1.310567E-01  2.515608E-02 -1.580785E-02
     13546  1.160093E-01 -1.272098E-01 -1.702923E-02
     13547  0.000000E+00  0.000000E+00  0.000000E+00
     13563  5.857706E-01  9.915425E-01  2.203410E-02
     13570 -1.888306E-02  6.433501E-02 -1.724354E-01
     13571  7.019483E-02 -3.276332E-02 -6.014080E-02
     13573 -2.053137E-01  7.610786E-02  2.199507E-02
     13574  0.000000E+00  0.000000E+00  0.000000E+00
     13575  0.000000E+00  0.000000E+00  0.000000E+00
     13576  0.000000E+00  0.000000E+00  0.000000E+00
     13577  0.000000E+00  0.000000E+00  0.000000E+00
     13578  0.000000E+00  0.000000E+00  0.000000E+00
     13579 -1.174240E+00 -2.137358E+00 -4.415999E-01
     13588 -4.118589E-01 -8.269111E-01  1.059585E-01
     13590 -7.501025E-01 -1.543820E+00 -7.147571E-01
     13600 -3.642458E-02 -2.421283E-01 -5.054660E-01
     13601  1.119444E-01 -2.952079E-01 -4.107470E-01
     13602  0.000000E+00  0.000000E+00  0.000000E+00
     13603 -1.245463E-02 -3.292505E-01 -2.035606E-01
     13607  0.000000E+00  0.000000E+00  0.000000E+00
     13630  0.000000E+00  0.000000E+00  0.000000E+00
     13631 -1.321598E-01 -3.933933E-01  3.160848E-02
     13678  0.000000E+00  0.000000E+00  0.000000E+00
     13684  0.000000E+00  0.000000E+00  0.000000E+00
     13685 -3.237272E-01  9.235116E-01  4.522008E-01
     13697  0.000000E+00  0.000000E+00  0.000000E+00
     13698  0.000000E+00  0.000000E+00  0.000000E+00
     13699  7.140254E-02  2.526038E-01 -4.199049E-04
     13700  0.000000E+00  0.000000E+00  0.000000E+00
     13737 -1.947899E+00  2.234842E+00 -3.365886E-01
     13739  0.000000E+00  0.000000E+00  0.000000E+00
     13771  0.000000E+00  0.000000E+00  0.000000E+00
     13772 -1.596102E-01  7.918467E-02  1.015033E-01
     13782 -7.844441E-02  1.029170E-01 -5.126934E-02
     14300  0.000000E+00  0.000000E+00  0.000000E+00
     14301  0.000000E+00  0.000000E+00  0.000000E+00
     14307 -3.673291E-01  1.375565E-01 -3.359449E-02
     14362  4.773700E-01 -9.759729E-01  1.948534E-01
     14363  6.982359E-01 -1.546817E+00 -5.680658E-02
     14364  0.000000E+00  0.000000E+00  0.000000E+00
     14365 -1.901600E-01  1.518184E-01  3.674786E-02
     14378  2.457679E+00 -4.413528E+00 -1.819042E+00
     14379  3.392612E-01  1.378862E-01  1.403423E-01
     14380 -9.587713E-01  6.113095E-01  1.298987E-01
     14381  4.704543E-01 -4.265120E-01  1.394531E-02
     14382  2.222237E-01 -1.354741E-02 -1.982478E-01
     14383  3.069532E-01 -5.878296E-01 -2.951494E-01
     14479  3.711238E-01  9.083834E-02  1.037348E-01
     14644  1.284149E-01 -3.742392E-01  2.029528E-01
     14647 -5.901791E-01 -2.129939E+00 -1.263453E-01
     14648 -2.769728E-02 -5.616922E-02  1.713248E-01
     14654  0.000000E+00  0.000000E+00  0.000000E+00
     14694 -2.096023E-02 -7.015637E-02  2.042859E-02
     14702 -4.693295E-02  1.146810E-02  3.111256E-02
     14768  0.000000E+00  0.000000E+00  0.000000E+00
     14781  2.077503E-01 -1.462606E-01 -1.171006E-01
     14782  0.000000E+00  0.000000E+00  0.000000E+00
     14788  0.000000E+00  0.000000E+00  0.000000E+00
     14789 -2.912592E-03  5.201932E-03  4.272319E-03
     14790  1.080657E-02 -1.503780E-01 -9.529272E-02
     14795 -6.716019E+00 -8.861965E+00  1.522958E+00
     14800 -4.307075E+00 -7.687804E+00  3.976490E+00
     14802 -2.974134E+00 -4.792875E+00  4.138823E-01
     14805 -1.577695E+00 -1.109841E+00  6.069737E-01
     14814  5.840120E-01 -6.675638E-01  2.149964E-02
     14876  6.612608E-01 -1.164115E+00  7.431399E-01
     14877  1.057467E+00 -1.064428E+00  7.958522E-01
     14878  5.378336E-01 -7.840506E-01  1.196322E+00
     14880  3.943587E-02 -4.119799E+00  4.426881E-01
     14882  6.177192E-01 -2.529813E+00  4.311302E-01
     14883  1.134017E+00 -2.981556E+00  7.892544E-02
     14885  1.193483E+00 -1.029856E+00  3.677518E-01
     14886  9.425983E-01 -1.542361E+00  4.499561E-01
     14887  8.673623E-01 -7.896321E-01  2.172591E-01
     14889  3.295217E+00 -4.145648E+00  7.609625E-02
     14907  4.160848E+00 -5.305831E+00  1.317505E+00
     14908  5.567890E+00 -6.782438E+00  1.870873E+00
     14928 -3.623587E-03 -6.755324E-01  1.115636E+00
     14929 -7.522868E-01  2.348543E+00 -1.980504E+00
     14955  3.227246E-01 -3.497614E+00  5.701030E+00
     14959 -4.398173E-01 -9.170414E+00  5.642064E-01
     14968 -5.325544E-02 -1.514986E+01  1.860635E+00
     14981  1.338376E-01 -7.992282E+00  7.855777E-01
     14982 -1.335896E+00 -5.809833E+00  2.172996E+00
     14983  1.911299E+00 -1.069950E+01 -2.640372E+00
     14985 -1.428579E+00 -2.425217E+01  2.478563E+00
     14986  7.560295E-01 -2.978232E+00  2.269976E+00
     14987 -1.616925E-01 -1.596060E+00  7.743743E-01
     14989  0.000000E+00  0.000000E+00  0.000000E+00
     14990  0.000000E+00  0.000000E+00  0.000000E+00
     14991  1.611043E-01 -4.623125E+00  1.369125E+00
     14992  0.000000E+00  0.000000E+00  0.000000E+00
     14993 -2.020657E-01  2.205662E-01  5.826551E-01
     14994  2.531223E-01 -2.034971E+00 -1.748407E-01
     14995  5.348847E-03  1.100529E-03  5.470435E-02
     15668  0.000000E+00  0.000000E+00  0.000000E+00
