
                        S T E P       1


                                INCREMENT     1


 forces (fx,fy,fz) for set NPROX and time  0.1000000E+01

      1292  3.985203E-01  6.755112E-01 -8.637511E-01
      1293  8.478487E-01  2.529358E+00 -1.595471E+00
      1406  6.408526E-01  6.503332E+00  2.468840E+00
      1408 -3.146945E+00  7.975365E+00  3.544814E+00
      1418 -1.835686E+00  2.432304E+00  1.346445E-01
      1419 -1.847916E+00  2.064805E+00 -1.201053E-01
      1420 -4.871920E+00  8.826959E+00  1.378346E-01
      1524 -1.603005E+00  3.808938E+00 -1.294486E+00
      1525 -9.157033E-01  2.095721E+00 -4.572698E-01
      1526 -3.483404E-01  8.558764E-01 -8.476436E-01
      1527 -6.140516E-02  1.113281E-01 -1.732340E-01
      1528 -7.727941E-02  8.274035E-02 -7.200907E-01
      1556  4.052018E-01  7.881318E+00  9.430016E-01
      1557 -4.614218E-02  8.604648E+00  4.497773E-01
      1558  2.696779E-01  2.971371E+00  9.215366E-01
      1559  5.384453E-01  1.362193E+00  9.408666E-01
      1560 -6.069688E-01  4.448329E+00  8.742755E-01
      1561 -1.044213E-01  4.795596E+00  2.193736E+00
      1562  2.216774E+00  8.060199E+00  1.728386E+00
      1566  7.298643E-01  8.547204E+00  8.293707E-01
      1620 -1.194830E+00  3.058585E+00 -2.295912E+00
      1624  1.247281E+00  1.775973E+00  1.193362E-01
      1625  9.145760E-01  2.081250E+00  9.953089E-02
      1626  1.332299E+00  3.517661E+00  1.470506E-02
      1628  9.041674E-02 -3.329916E-03 -7.084987E-02
      1629  4.635377E-02 -4.854378E-03  1.578642E-02
      1797 -9.546778E-01 -1.576891E+00 -4.495574E-01
      1798 -1.694727E+00 -2.796941E+00 -1.112717E-01
      1799 -1.636795E+00 -4.215507E+00 -4.331194E-01
      1800  1.694772E+00 -1.269080E+00  1.540654E-01
      1801  2.196018E+00 -2.544898E+00 -9.169323E-02
      1802  1.513357E+00 -7.985324E-01  8.654056E-01
      1810 -9.291106E-01 -4.660009E+00  5.062773E-01
      1819  1.020871E+00 -1.432214E+00 -2.221178E-01
      1820  5.174776E-01 -2.774160E-01 -3.450288E-01
      1821  1.446455E+00 -1.430495E+00 -1.012864E-01
      1830  1.045957E+00  7.310478E+00  1.128809E+00
      1831  6.041633E-01  8.105313E+00  9.139835E-01
      1832 -1.426145E-01  3.691466E+00  9.421255E-01
      1833 -4.278708E-01  7.229020E+00  9.439574E-01
      1861 -2.073695E-01  1.011505E+00  3.426422E-01
      1862  1.337772E+00 -1.829475E+00 -2.651820E-01
      1863  1.099988E+00 -1.330515E+00 -2.109648E-01
      1873  0.000000E+00  0.000000E+00  0.000000E+00
      1874  3.049213E-01  9.199108E-02  7.914473E-02
      1875  0.000000E+00  0.000000E+00  0.000000E+00
      1888 -1.242122E-02  1.695734E+00  5.799472E-01
      1889 -4.903002E-01  1.445216E+00  9.905475E-01
      1890  3.021930E-01  2.862201E+00  7.742617E-01
      1891  1.084561E+00  3.801084E+00  1.331847E+00
      1892  1.063614E+00  3.773650E+00 -4.271370E-01
      1893  3.975121E-01  2.284334E+00  8.373325E-01
      1914 -7.864085E-01  1.410803E+00 -9.833767E-02
      1915 -1.634367E+00  2.314034E+00 -1.959968E-02
      1916 -1.446591E+00  1.769154E+00  5.599142E-02
      1948 -1.163418E-01  1.862189E-01 -2.079476E+00
      1949  1.711432E+00  2.109663E+01  3.309279E+00
      1950  1.275265E+00  2.237646E+01  4.045650E+00
      1967  1.909672E+00 -1.987539E+01  7.824137E+00
      1968 -2.187063E+00 -1.605629E+01  3.305403E+00
      1969  2.090820E-01 -4.395212E+00  9.130140E-01
      1970  9.799187E-04  4.898583E-03 -7.660212E-03
      1971 -5.799090E-01 -3.382872E+00  1.307451E+00
      1976  1.689120E-01 -3.323707E+00  5.066554E-01
      1977 -1.518220E-01 -1.526806E+00  1.689708E+00
      1981  3.190778E+00 -2.714339E+01  4.197764E+00
      1982  9.568750E-01 -9.556270E+00  1.356323E+00
      2064 -1.130691E-01  3.166917E+00  9.907493E-01
      2065  3.910230E-01  3.772514E+00  1.621904E+00
      2077  4.666717E+00  7.188867E+00  1.056558E+00
      2078  3.928926E+00  7.387833E+00  2.433933E-01
      2440 -2.761385E-01 -1.004211E+00 -7.307481E-01
      2441 -5.624033E-01 -7.193791E-01 -4.917281E-01
      2442 -4.526470E-01 -6.156830E-01 -8.302331E-01
      2444  1.055850E+00  1.348763E+00 -1.905844E-02
      2445  1.941154E+00  6.916790E+00 -2.135626E+00
      2446  1.065524E+00  7.487201E-01 -6.402997E-01
      2447  3.212752E+00  1.001377E+01 -1.931992E+00
      2448  3.596464E+00  9.273531E+00 -1.176690E+00
      2449  0.000000E+00  0.000000E+00  0.000000E+00
      2450  1.075996E+00  1.191898E+00 -5.376395E-02
      2451 -2.349409E-01 -1.397678E+00 -2.962749E-02
      2452  1.533562E+00  1.325947E+00  5.751114E-01
      2453  3.505921E+00  2.600093E+00  2.666397E+00
      2454  1.071994E+00  1.658124E+00  5.782268E-02
      2455  3.613137E+00  8.601810E+00 -9.111885E-01
      2456  1.139229E+00  1.431590E+00 -2.230052E-01
      2457  1.843075E+00  2.392796E+00 -8.799697E-01
      2458  4.896007E-01  9.523895E-01 -6.973864E-01
      2459  1.178523E+00  1.504635E+00 -7.023679E-01
      2460  8.041805E-01  1.404108E+00 -4.931428E-01
      2461  7.178706E-01  7.155582E-01 -1.111291E+00
      2462  6.596802E-01  9.895561E-01 -7.896719E-01
      2463 -4.245694E-01 -5.305500E-01 -5.742960E-01
      2464 -1.762703E-01  1.306666E-01 -6.702916E-01
      2465 -7.862339E-02 -2.611872E-01  2.408673E-02
      2466  0.000000E+00  0.000000E+00  0.000000E+00
      2467  6.564717E-01  1.273275E+00  1.909165E-01
      2468  7.371492E-01  5.224838E-01  2.048117E-01
      2469  5.856758E-01  1.495526E+00 -1.108641E+00
      2470  6.271626E-01  1.048439E-01 -1.956915E-01
      2471 -5.255534E-01 -7.541679E-01 -8.529326E-01
      2481 -1.839478E+00 -3.949350E+00 -2.536497E+00
      2482 -1.881116E+00 -5.457459E+00 -1.110470E+00
      2483 -1.077365E+00 -5.845200E-01 -7.291139E-01
      3068 -3.987880E-01  3.116311E-01  1.707442E-01
      3069 -5.507861E-01 -1.015295E+00 -3.687321E-01
      3070 -8.316757E-01 -9.226363E-01 -4.764813E-01
      3071  0.000000E+00  0.000000E+00  0.000000E+00
      3072  0.000000E+00  0.000000E+00  0.000000E+00
      3073 -1.182905E-01  6.361499E-01 -8.129707E-01
      3074  4.983545E-01  5.336689E-01 -5.119759E-01
      3075  3.664672E-01  1.438158E+00 -7.975895E-01
      3076 -4.874279E-01 -1.134957E+00 -1.870039E+00
      3077  7.170533E-01 -1.314210E+00  1.004654E+00
      3078  3.216156E-01  1.375237E+00  3.172063E-01
      3079  1.657169E+00  4.319929E+00 -9.249449E-01
      3080  1.351069E+00  1.217680E+00  5.852684E-02
      3177 -2.721813E-01  5.420319E-01 -9.218339E-01
      3178 -5.701709E-01  1.768892E+00 -2.101816E+00
      3179 -4.798758E-01  7.485023E-01 -5.128111E-01
      3180 -4.066766E-01  4.989120E-01 -5.168261E-01
      3181 -8.784032E-01  3.959382E-01  5.127673E-01
      3182 -1.154457E+00  8.081684E-01  1.081863E-01
      3410 -6.592154E-01  1.999888E+00  5.923265E-01
      3465 -7.367409E-01  5.601512E+00  2.320843E+00
      3466  2.238384E+00  6.711386E+00  2.783881E+00
      3468  9.900497E+00  1.738378E+01  5.082408E+00
      3470  3.343922E-01  1.870210E+00 -2.122354E-01
      3472 -1.288326E-01  1.681976E+00  4.985646E-01
      3484 -2.018874E-01  7.718849E+00  1.447541E+00
      3487 -3.852256E-01  1.680132E-01  3.633012E-02
      3531  4.386473E+00  1.661449E+01  3.896779E+00
      3546 -2.273324E+00  6.983953E+00 -8.470637E-01
      3547 -4.036812E+00  9.400025E+00 -2.651897E+00
      3548 -6.941815E+00  8.685268E+00  3.639744E-01
      3551 -4.493399E+00  8.866055E+00  2.498336E-02
      3553 -8.856828E-01  1.974941E+00 -2.751479E-01
      3554 -1.234875E+00  2.327703E+00 -4.239972E-01
      3555 -5.116474E-01  7.855467E-01 -2.380427E-01
      3565 -3.996980E+00  2.872400E+00  2.636246E+00
      3568 -4.092078E+00  7.947237E+00 -1.357330E+00
      3584 -1.895323E-01  5.613125E-01 -9.861213E-01
      3585 -1.801439E-01  5.754905E-02 -9.641810E-01
      3599 -1.282326E+00  1.384434E+00 -3.853431E-01
      3600 -2.306736E+00  5.885431E+00 -9.326220E-01
      3601 -8.015385E-01  1.120936E+00 -2.218013E-02
      3602 -5.742632E-01 -1.264073E-01 -8.428899E-01
      3603 -1.642628E+00  1.962367E+00 -6.771110E-01
      3604  0.000000E+00  0.000000E+00  0.000000E+00
      3605  3.908061E-01 -7.164697E-01  2.245814E-01
      3606  9.419675E-01 -3.514448E-01  5.956687E-02
      3607  6.192418E-01 -5.342674E-01 -5.171883E-01
      3608  2.310929E-01  3.351712E-02 -4.791250E-01
      3609  2.891836E-01 -6.545046E-01 -5.966477E-01
      3610  3.163445E-01  6.708130E-01 -6.636848E-01
      3611  1.937144E-01 -3.508377E-01 -8.582911E-01
      3612 -6.955034E-02  3.088657E-01 -1.014319E+00
      3613 -6.768372E-01  6.695572E-01 -5.053172E-01
      3614  2.663672E-01  4.993509E+00  7.069341E-01
      3615  3.058561E-01  2.219157E+00  8.680691E-01
      3616 -1.008887E+00  1.337093E+00 -3.310835E-01
      3617 -1.002684E+00  1.658376E+00 -4.317376E-01
      3618 -1.757946E+00  2.085786E+00 -2.438837E-01
      3619 -1.391960E+00  1.710863E+00 -2.852914E-01
      3620 -4.885491E+00  5.741332E+00  3.957946E-01
      3621  0.000000E+00  0.000000E+00  0.000000E+00
      3622 -5.829706E-01  1.229968E+00  4.841506E-01
      3623  0.000000E+00  0.000000E+00  0.000000E+00
      3624  9.716544E-01 -5.975423E-01 -8.300211E-01
      3625  1.418331E+00  5.509525E-02  1.083904E+00
      3626  3.851675E-01 -3.846829E-01 -1.782683E-01
      3627  8.406667E-01 -1.503340E+00 -7.440512E-01
      3629 -2.893385E+00 -1.667317E+01  3.928029E+00
      3630 -3.957956E+00 -2.125554E+01  6.569733E+00
      3631  4.446112E+00 -2.992293E+01  6.152517E+00
      3632  8.371281E-01 -4.574547E+00  2.065845E+00
      3633  9.494245E-01 -1.960831E+00  1.535595E+00
      3638  5.077239E-01 -1.815773E+00  1.547059E+00
      3639  0.000000E+00  0.000000E+00  0.000000E+00
      3640  7.211601E-02 -4.330741E-01 -1.841791E-01
      3648 -7.496562E-01 -3.964508E+00  1.764680E+00
      3649 -5.983279E-01 -2.373378E+00  2.116678E+00
      3656 -5.974431E-01 -3.926548E+00  2.878076E+00
      3657  2.628918E-01 -5.138750E+00  2.318766E+00
      3658 -7.116748E-02 -3.761302E+00  1.117319E+00
      3659 -9.948268E-01 -3.739968E+00  1.223247E+00
      3660 -1.996002E-01 -4.388515E+00  1.497756E+00
      3661  0.000000E+00  0.000000E+00  0.000000E+00
      3662  4.499551E-02 -1.057829E+00 -6.701558E-02
      3663 -4.723755E-01 -1.786978E+00  9.913932E-01
      3664 -1.100201E-01 -3.841059E+00  9.258851E-01
      3665 -2.114069E-01 -1.988225E+00  7.134093E-01
      3666  5.270800E-01 -6.507765E+00  1.089250E-01
      3669 -4.866928E-01 -2.206407E+00  1.227829E+00
      3670 -4.094385E-01 -2.382134E+00  9.878832E-01
      3671 -1.599908E-01 -1.179328E+00  4.474614E-01
      3672 -5.120304E-02 -6.060881E+00  6.452339E-01
      3675 -1.607168E-01 -3.308462E+00  1.697757E+00
      3694 -1.228959E+00 -1.375504E+00 -5.479034E-02
      3695 -8.224852E-01 -1.221252E+00 -2.491206E-01
      3696 -9.994825E-01 -1.195836E+00 -7.307494E-02
      3701  1.359485E+00 -2.957635E+00 -1.135057E+00
      3705  1.780213E-01 -1.063946E+00 -3.813703E-01
      3706  7.807499E-01 -1.430097E+00 -6.258189E-01
      3707  9.246051E-01 -1.276829E+00 -8.222704E-01
      3708 -1.417681E+00  2.753414E+00 -1.152109E+00
      3709 -1.272762E+00  1.634023E+00 -4.020225E-01
      3719 -9.787784E-01 -2.134941E+00  6.054907E-02
      3720 -1.428008E+00 -4.148260E+00  9.512521E-02
      3724 -1.174254E+00 -1.563606E+00 -4.053656E-01
      3725  0.000000E+00  0.000000E+00  0.000000E+00
      3726  0.000000E+00  0.000000E+00  0.000000E+00
      3727 -1.307307E+00 -1.235184E+00  1.425486E-01
      3766  1.824097E+00  2.011094E+01  4.668168E+00
      3767  1.146527E+00  1.372601E+01  2.687273E+00
      3768  7.235541E-01  3.330379E+00  1.376857E+00
      3769 -1.688615E-01  2.242285E+00  1.406778E+00
      3770  3.073735E-01  1.051461E+00  7.052081E-01
      3771  3.911821E-01  1.022017E+00  7.423823E-01
      3772  7.446829E-02  1.326545E+00  6.593394E-01
      3773  3.033687E-01  1.108127E+00  3.877169E-01
      3774  3.032431E-01  1.656860E+00  5.676748E-01
      3775  4.085672E-01  2.313602E+00  4.013364E-01
      3776  4.672209E-01  7.456084E+00  1.575154E+00
      3777  4.161721E-01  2.589209E+00  7.957544E-01
      3778  6.602765E-01  6.343111E+00  1.159269E-01
      3779  2.267283E-01  1.426136E+00  2.590606E-01
      3780  9.732181E-02  6.096769E+00 -1.144739E-01
      3808  4.461861E-01  1.885773E+00  1.377756E+00
      3809  2.214167E-01  7.546375E-01  4.040293E-01
      3830  6.405149E+00 -1.974916E+01  5.393176E+00
      3831  2.975593E+00 -9.066941E+00  2.232511E+00
      3832  8.897801E-01 -2.808398E+00  1.468625E+00
      3845  0.000000E+00  0.000000E+00  0.000000E+00
      3846  0.000000E+00  0.000000E+00  0.000000E+00
      3847  0.000000E+00  0.000000E+00  0.000000E+00
      3848 -1.054239E+00  2.323377E+00  9.167734E-01
      3849  4.626342E-01 -1.288672E+00  5.505519E-01
      3850 -7.768788E-01  1.338348E+00  3.664456E-01
      3876 -6.728879E-01  1.028989E+00 -8.575558E-01
      3877 -1.333316E+00  2.685064E+00 -2.001900E+00
      3878 -7.703136E-01  1.444306E+00 -4.626087E-01
      3883  1.963620E-01 -3.754562E-01 -1.027818E+00
      3884  3.126660E-01 -3.162510E-01 -2.413755E+00
      3888 -1.124846E-02 -9.475873E+00  1.495158E+00
      3917 -4.725405E-01  3.216626E+00  9.222804E-01
      3918 -6.639332E-01  4.310663E+00  1.113368E+00
      3919  3.307399E-01  1.165964E+00  9.942179E-01
      3923  1.713524E+00  2.031191E+00 -3.469441E-01
      3924  1.355240E+00  1.897580E+00 -3.857482E-01
      3932 -4.123694E-01  2.817017E+00  1.413101E+00
      3933 -2.165054E-01  9.919683E-01  5.412109E-01
      3934 -4.414351E-01  6.138063E-02  6.135138E-01
      3969 -2.600005E-01  2.210401E+00  4.584119E-01
      3970 -6.293377E-01  4.567119E+00  6.403629E-01
      3973  5.069278E-01  1.950372E+00  9.904636E-01
      3974 -7.623582E-01  4.183135E+00  1.965701E+00
      3975  5.793552E-02  2.599908E+00  1.071769E+00
      3977 -2.933947E+00  9.058285E+00  1.412091E+00
      3978  6.262912E-01  2.621140E+01  6.107790E+00
      3979  4.494143E-01  1.762399E+00  1.123983E+00
      3980 -3.932119E-02  4.160639E+00  1.300589E+00
      3981  3.050567E-02  3.172181E+00  9.925992E-01
      3982 -8.151563E-01  4.152081E+00 -6.928759E-02
      3983  4.104383E-01  4.207771E+00  1.115261E+00
      3993  7.671811E-04  4.350829E+00  5.601548E-01
      4046 -2.399190E-02 -8.696653E-01 -6.429622E-01
      4047  3.154740E-01  7.801935E-01 -2.394855E+00
      4057  1.109826E+00  1.925688E+00 -5.066031E-01
      4058  1.644046E+00  3.431211E+00 -2.198244E-01
      4063  1.722512E+00  3.129634E+00 -1.110976E+00
      5160  2.022434E-01 -5.719535E-01 -7.374440E-01
      5161 -3.226725E-02 -1.637732E-01 -3.021774E-01
      5162 -1.011460E-01 -9.635799E-02 -9.020542E-01
      5163 -8.640719E-01 -2.112807E+00 -8.146443E-01
      5164 -7.783388E-01 -1.811994E+00 -1.505846E+00
      5167  1.736231E+00  3.512059E+00 -2.958589E-01
      5170  1.552731E+00  3.140031E+00  3.095691E-03
      5483 -2.360634E+00  1.998227E+01  1.680157E+00
      5484 -8.493995E-02  5.955786E+00  8.802601E-01
      5485  3.043980E-01  2.437730E+00  8.913435E-01
      5486 -1.047243E+00  4.820867E+00 -5.583150E-01
      5487 -3.118185E-01  2.844978E+00  5.225350E-01
      5488 -2.916942E-01  9.405735E-01  4.219514E-01
      5493  3.434697E-01  5.115005E-01 -2.119881E-01
      5503  2.811586E+00 -1.055296E+01  1.846846E+00
      5509 -5.875527E-01 -2.046650E+00  3.785701E+00
      5524  1.216024E-01  1.143461E+00  7.957129E-01
      5525 -1.985505E-01  7.276547E-01  1.041803E+00
      5612  4.797213E+00  1.330222E+01  3.878261E+00
      5615 -1.750285E-01 -1.742762E-01 -2.812710E-01
      5616  0.000000E+00  0.000000E+00  0.000000E+00
      5620 -1.089912E+00  5.375673E+00  2.280960E+00
      5621 -3.178332E+00  2.245908E+01  5.262232E+00
      5622 -8.446128E-01  1.733140E+01  3.551248E+00
      5623 -2.134793E+00  1.155651E+01  1.934208E+00
      5635 -2.216537E+00  5.212980E+00 -2.618754E-02
      5636 -2.166670E+00  5.380600E+00 -1.289902E+00
      5638 -1.893048E+00  4.290886E+00  1.624695E-02
      5701  3.994298E+00  7.709139E+00  6.450096E-02
      5702  1.563508E+00  2.830598E+00 -5.869682E-01
      5776  1.645749E-01  6.295161E-01 -4.101354E-01
      5777  6.504976E-01  3.593692E+00 -3.260920E+00
      5778 -2.942843E-02  2.723599E+00  4.028123E-01
      6003  1.445889E+00 -3.331560E+00 -3.087941E-01
      6004  1.710952E+00 -3.181407E+00 -4.427186E-01
      6039  6.435553E-02  4.808239E-02 -2.267242E-03
      6048 -2.428365E+00 -3.041916E+00  4.873955E-01
      6075 -1.879455E-01  1.859562E+00  6.563895E-01
      6076  0.000000E+00  0.000000E+00  0.000000E+00
      6157  1.678634E-01 -2.833654E+00  7.439770E-01
      6158 -1.241806E-01 -2.898719E+00  1.456855E+00
      6160 -5.600396E+00 -1.214318E+01  3.972537E+00
      6161 -1.051117E+00 -8.081473E+00  3.267662E+00
      6162 -1.445497E-01 -2.306737E+00  2.601375E+00
      6163 -3.066915E-01 -1.789215E+00  1.440762E+00
      6165 -8.848890E-01 -7.294051E+00  1.539923E+00
      6176  9.635159E-01 -9.270796E+00  3.000260E+00
      6181 -3.340326E+00 -1.165389E+00  8.793985E-01
      6182 -5.737479E-02 -1.351115E+00  5.828015E-01
      6192  1.040141E+00 -3.707415E+00  5.667378E-01
      6194 -1.298133E-02 -1.637684E+00  9.709252E-01
      6195  4.001185E-01 -3.454052E+00  8.248842E-01
      6196  3.771145E-01 -2.077223E+00  6.165868E-01
      6199 -1.163381E-01 -2.757328E+00 -2.713404E-01
      6200  3.193610E-01 -2.694603E+00  4.851006E-01
      6202  1.060062E+00 -8.008261E+00  1.509438E+00
      6239 -2.377369E-01  2.269678E-01 -3.291274E-02
      6240 -1.099850E+00 -1.848968E+00  1.211466E+00
      6241 -2.440216E-01 -1.907231E+00  6.993116E-01
      6245 -3.293203E-01 -4.257460E+00  9.353886E-01
      6246  9.735703E-01 -5.982712E+00  8.215173E-01
      6254  4.231994E-01 -2.397206E+00  1.114444E+00
      6255  2.491034E-01 -1.756400E+00  1.101181E+00
      6256  8.133381E-02 -1.189561E+00  6.035423E-01
      6257  1.613497E-01 -3.362182E+00  1.681193E+00
      6258  4.993796E-01 -1.104910E+00  1.083620E+00
      6259  1.611068E-01 -3.097932E+00  1.010379E+00
      6260  5.486623E+00 -1.089452E+01  3.031468E+00
      6261  9.851364E-01 -2.535484E+00  1.898303E+00
      6377  1.186933E+00  3.897279E+00 -1.689863E+00
      6378  1.508108E+00  4.059966E+00 -1.373005E+00
      6379  3.159573E-01  1.031733E+00 -4.430773E-01
      6400 -3.037872E+00  7.984146E+00 -1.898538E-01
      6401  0.000000E+00  0.000000E+00  0.000000E+00
      6402 -3.385011E-01  4.688609E-01  3.403741E-01
      6403  8.153023E-02 -1.153580E-01 -3.179296E-02
      6404  2.622653E+00 -6.461182E+00 -2.513320E+00
      6405  2.799973E+00 -1.455480E+01 -1.256405E+00
      6407  1.056805E+00  4.518326E-01  1.549697E+00
      6420 -1.336743E+00 -1.877093E-01 -3.280605E-02
      6421 -3.325673E+00 -6.626671E+00 -1.353785E+00
      6422 -2.478208E+00 -9.021962E+00 -3.051199E+00
      6423 -1.257351E+00 -8.306331E-01  4.465583E-01
      6428 -1.086927E+00  1.156255E+00 -1.599475E-01
      6433 -7.422047E-01 -1.312642E+00  4.668697E-01
      6435  1.527202E+00  1.795321E+00 -4.135275E-01
      6436 -6.739493E-01 -9.502847E-01 -2.560383E-01
      6437  2.997322E-01  7.298003E-01  4.837194E-01
      6438  0.000000E+00  0.000000E+00  0.000000E+00
      6439 -5.223165E-01 -9.477976E-01 -7.770652E-01
      6721 -1.440407E-01 -2.420467E+00  1.528497E+00
      6744 -1.382231E+00 -4.961452E+00  2.414112E-01
      6745  0.000000E+00  0.000000E+00  0.000000E+00
      6749  3.035504E-01 -4.292708E+00  1.156665E+00
      6788 -7.871247E-01 -2.984255E+00 -1.848923E-01
      6789 -4.892708E-02 -3.084792E-01 -7.085949E-01
      6790  5.353778E-03 -6.927748E-01  5.938155E-01
      6791  1.776585E-01 -2.515600E+00  1.253011E+00
      6792  6.458805E-01 -3.435002E+00  7.819030E-01
      6793 -3.907055E-01 -9.391611E+00  2.452980E+00
      6795 -6.119984E+00 -2.447181E+01  4.302777E+00
      6798 -2.419808E+00 -8.069707E+00  1.779459E+00
      6799  1.242321E-01 -3.237880E+00  1.074876E+00
      6800  1.444994E+00 -1.052113E+01  1.755427E+00
      6801  2.602906E-02 -1.962100E+00  8.987369E-01
      6803  2.953145E-01 -7.401778E+00  2.159689E-01
      6804 -3.323458E-01 -6.773294E+00  6.927372E-01
      6819  7.686865E-01 -4.588775E+00  5.819271E-01
      6825 -5.935870E-03 -3.094557E+00  1.005086E+00
      6827 -6.079544E-01 -8.275792E-01 -2.941487E-01
      6828 -6.300056E-01 -1.671128E+00 -2.326116E-01
      6830 -6.861007E-01  3.062421E+00  4.657674E-01
      6841  1.365251E-01 -6.970570E-02 -1.721002E-01
      6842  1.813501E+00 -6.026397E+00 -2.523862E+00
      6865 -1.310978E+00  3.638768E+00 -1.164505E+00
      6866 -2.334573E+00  7.637551E+00 -3.409191E+00
      6880  1.324989E+00 -1.042055E+00  6.565024E-02
      6881 -7.200929E-01  2.142174E+00 -7.028729E-01
      6882 -1.714084E-01 -4.765205E-01 -1.065577E+00
      6883  3.125055E-01  1.266935E+00 -9.409758E-01
      6884 -2.945573E-01 -1.200501E+00 -2.342406E+00
      6916  2.903138E-01 -5.729770E-01  1.636036E-01
      6917  9.206575E-01 -3.237142E-01 -4.140983E-01
      6918 -4.452433E-01 -8.641082E-01 -1.555912E+00
      6930  0.000000E+00  0.000000E+00  0.000000E+00
      6940  2.853135E+00 -4.344615E+00 -8.030679E-01
      6941  7.063280E-01 -4.665913E-01 -1.991326E-01
      6944 -2.308603E+00 -3.815002E+00 -7.026458E-01
      6945 -8.652454E-01 -1.343796E-01 -4.756317E-01
      6946 -2.954214E+00 -5.833251E+00 -1.057015E+00
      6965  6.431608E+00 -7.395564E+00  2.021311E+00
      6988 -1.451596E+00  2.559094E-01  1.118076E-01
      6993  0.000000E+00  0.000000E+00  0.000000E+00
      6994  0.000000E+00  0.000000E+00  0.000000E+00
      6999 -4.082502E-01 -3.014454E-01 -1.217702E-01
      7025  1.581683E+00  3.202699E+00 -1.903837E+00
      7145  3.270446E-02 -3.708054E-02 -7.691388E-01
      7155  2.366031E-02 -6.154816E-02 -1.272388E+00
      7183 -1.367867E-01 -4.238410E-01 -4.618267E-01
      7184 -3.720621E-01 -5.963944E-01 -3.956607E-01
      7185  3.605376E-01  3.638700E-01 -2.156738E-01
      7186 -6.281226E-01 -1.835462E+00  6.331823E-01
      7250  9.830493E-01 -5.223093E+00 -2.061447E+00
      7251  5.540305E+00 -5.946588E+00 -1.018389E+00
      7256 -1.387633E+00 -3.086362E+00 -4.471956E+00
      7265 -3.807456E-01 -2.233776E+00  7.618173E-01
      7266 -7.442009E-01 -1.565879E+00  1.967278E-01
      7267 -4.024196E-01 -4.249252E+00 -1.373556E-01
      7268 -3.360908E-02 -1.415710E+00  2.017396E-01
      7269  0.000000E+00  0.000000E+00  0.000000E+00
      7282  5.455160E-01 -1.258030E+00  1.148303E+00
      7288 -3.241080E-01 -3.911967E-01 -2.121167E-01
      7953 -1.997274E-01  2.072293E+00 -3.172546E-01
      7974  3.351904E+00  6.055159E+00 -4.740600E-01
      7975  1.871497E+00  2.110893E+00  4.875660E-01
      7983  2.333925E-01 -4.160732E-01 -4.921116E-01
      7984  7.549356E-03 -3.536236E-01 -1.010981E+00
      7985  4.298504E-01 -1.041644E+00  5.357054E-01
      7993 -3.802039E+00 -6.449740E+00  1.259107E+00
      7996 -1.025496E+00 -7.682629E-01  2.559846E-01
      7997 -1.856815E+00 -1.587395E+00  8.505332E-02
      8063 -3.715232E+00 -7.098274E+00  6.030689E-02
      8072  1.095762E+00  1.241821E+00 -4.011242E-01
      8073  8.549646E-01 -2.920490E+00 -1.528085E+00
      8078  9.454881E-01 -2.010020E+00  9.386421E-01
      8079 -2.855675E-01 -3.648198E+00  9.816677E-01
      8092  6.610552E-01 -4.773792E+00  2.478972E+00
      8099 -7.688940E-01 -2.316192E-01  1.793986E-01
      8236  4.893947E-01  4.002843E+00  2.151710E-01
      8237 -1.310303E+00  3.844180E+00  5.548688E-01
      8731  1.098355E+00  3.537612E+00 -5.112679E+00
      8897 -1.600971E+00  4.361364E+00 -4.089783E-02
      8927  9.991500E-01  2.703432E+01  6.434794E+00
      8928 -8.882843E-02  2.742206E+00  1.167784E+00
      9013 -2.432212E-01  2.594583E+00  4.094221E-01
      9014 -6.608758E-01  2.079194E+00  7.070714E-01
      9015 -2.651424E-01  3.110452E+00  1.262976E+00
      9017 -2.356674E-01  3.420481E+00  1.177583E+00
      9018  7.343407E-02  1.943511E+00  7.918374E-01
      9019 -1.079978E+00  4.629249E+00  6.446522E-01
      9041 -6.822180E+00  1.370034E+01  4.398697E+00
      9043 -3.461270E+00  1.305418E+01  4.992336E+00
      9081 -4.231049E-02  5.955159E+00  9.147204E-01
      9127 -2.994854E-01  2.747036E+00  1.054576E+00
      9128 -1.233862E+00  1.145417E+01  1.592037E+00
      9138 -1.009080E+00 -3.785963E-01 -5.054391E-01
      9139  0.000000E+00  0.000000E+00  0.000000E+00
      9140  0.000000E+00  0.000000E+00  0.000000E+00
      9141 -3.581777E-01 -3.556245E+00  1.001643E+00
      9146  2.457219E-01 -1.073457E-01 -3.149018E-01
      9172 -1.514392E-01  4.466059E+00  5.228783E-01
      9199  2.184814E+00  5.196712E+00 -1.384407E+00
      9205  3.144129E-03 -1.529771E-01 -1.511416E-01
      9215 -7.124393E-01  3.613019E+00  2.966794E-02
      9278  6.218625E-03  1.007394E-02 -1.524408E-02
      9279  0.000000E+00  0.000000E+00  0.000000E+00
      9280  6.815561E-01  2.025805E+00 -1.698396E-01
      9309  1.647093E+00 -4.364664E+00 -2.143934E-01
      9333 -7.735839E-02  7.507731E+00  3.749085E-01
      9337  5.358074E-01 -1.650269E+00 -5.925697E-01
      9338  6.174885E-01 -4.361702E+00  1.741602E+00
      9417  6.414467E-01  2.278028E-02 -3.226342E-01
      9418 -2.221348E-02 -2.740960E-02 -1.461048E-02
      9419  0.000000E+00  0.000000E+00  0.000000E+00
      9420  0.000000E+00  0.000000E+00  0.000000E+00
      9422 -5.104645E-01  1.850812E+00  1.022854E+00
      9437  8.368946E-01 -3.652413E+00 -7.794539E-01
      9453 -2.328895E+00 -3.626988E+00  6.016189E-01
      9454  0.000000E+00  0.000000E+00  0.000000E+00
      9455 -5.568405E-01 -6.595288E+00 -9.197774E-01
      9460  9.073097E-01 -8.375890E+00 -2.039102E+00
      9461  5.051063E+00 -5.421773E+00  1.348348E+00
      9462  6.119198E-01 -5.574095E-01 -1.271008E-01
      9463  3.279451E-01 -2.190454E+00 -7.094951E-01
      9464  4.171064E-01 -2.365246E+00 -4.475842E-01
      9485  2.255362E-01  5.158520E-01  2.755216E-01
      9486  0.000000E+00  0.000000E+00  0.000000E+00
      9487  3.377338E-01 -1.761081E-01 -6.219793E-01
      9488  0.000000E+00  0.000000E+00  0.000000E+00
      9489  1.296141E+00 -4.973119E+00  4.899632E-01
      9490  9.163204E-02 -9.656515E-02 -1.474300E-01
      9491  2.884385E-01 -9.317998E-01  1.500026E-01
      9495  6.511740E-01 -1.688745E+00  6.641977E-02
      9534  0.000000E+00  0.000000E+00  0.000000E+00
      9638  1.972260E-01 -2.072557E-01  8.813241E-02
      9661  0.000000E+00  0.000000E+00  0.000000E+00
      9662  4.002106E-01  1.711197E-01  1.261083E-01
      9663 -1.770212E+00 -3.464137E+00 -2.386205E+00
      9666 -7.598531E-01 -3.147456E+00 -3.077906E-01
      9667 -7.298515E-01 -1.764610E+00 -7.159471E-01
      9669 -8.518841E-01 -3.026511E-01 -4.982129E-01
      9670 -5.024531E-01 -3.532174E+00 -1.241447E-01
      9671 -6.196635E-01 -1.277342E+00 -5.667172E-01
      9736  2.499844E-01  1.339337E+01  1.568314E+00
      9743 -2.408358E-01 -1.656259E-01 -1.735813E-01
      9780 -8.658331E-01 -3.193384E+00  4.125472E-01
      9793  0.000000E+00  0.000000E+00  0.000000E+00
     10048 -9.256674E-01 -2.148566E+00  1.286429E+00
     10073 -5.539145E-02 -1.131053E-01 -1.291015E+00
     10100  4.074068E-01 -2.361320E+00  2.470361E-03
     10161 -9.375414E-01 -2.824260E+00  5.281903E-01
     10162 -1.450791E-01 -1.115957E+00  6.658994E-01
     10169  2.132503E+00  9.579361E+00  2.218649E+00
     10194 -7.723152E-02  1.859855E+00 -2.897160E+00
     10228 -7.580609E-02 -1.190242E+01  3.938992E+00
     10231  7.437118E-01 -4.906383E-01 -1.956554E-01
     10260  0.000000E+00  0.000000E+00  0.000000E+00
     10454  3.203239E+00 -5.740277E+00 -9.586798E-01
     10461  0.000000E+00  0.000000E+00  0.000000E+00
     10514 -8.368768E-01 -1.535729E+00  7.104126E-02
     10515 -3.786471E-01 -7.097568E-01 -2.245295E-01
     10521 -2.782537E-01  4.686397E-01 -3.795646E+00
     10524  0.000000E+00  0.000000E+00  0.000000E+00
     10606  6.701801E-01 -1.072079E+00 -1.815780E+00
     10609  6.481259E-01 -4.053180E+00 -3.870874E+00
     10628 -1.152989E+00 -1.504506E+00  9.274954E-01
     10656 -7.482693E-01 -1.477017E+00  1.649953E+00
     10660 -1.143426E+00 -8.215107E-01  1.110608E+00
     13435  2.919055E-01  8.269596E-01 -4.762932E-01
     13436  3.754637E-01  7.679080E-01 -3.285497E-01
     13437 -7.773305E-01 -1.184639E+00  4.243115E-01
     13438  3.339397E-01  4.405373E-01 -9.187546E-02
     13439 -6.917719E-01 -1.211930E+00 -2.239954E-01
     13440 -7.848587E-01 -1.461010E+00 -3.110760E-01
     13473 -5.255719E-01 -1.247842E+00 -3.949543E-03
     13542  1.290260E-01 -1.824447E-01  2.372506E-02
     13543 -1.283430E-01  2.452248E-02 -1.594412E-02
     13546  1.153032E-01 -1.261348E-01 -1.668175E-02
     13547  0.000000E+00  0.000000E+00  0.000000E+00
     13563  5.769923E-01  9.803520E-01  2.276844E-02
     13570 -1.954905E-02  6.174125E-02 -1.706409E-01
     13571  6.288439E-02 -3.437367E-02 -6.059758E-02
     13573 -1.931849E-01  7.763374E-02  2.474857E-02
     13574  0.000000E+00  0.000000E+00  0.000000E+00
     13575  0.000000E+00  0.000000E+00  0.000000E+00
     13576  0.000000E+00  0.000000E+00  0.000000E+00
     13577  0.000000E+00  0.000000E+00  0.000000E+00
     13578  0.000000E+00  0.000000E+00  0.000000E+00
     13579 -1.153788E+00 -2.100963E+00 -4.322443E-01
     13588 -4.039081E-01 -8.220752E-01  9.818381E-02
     13590 -7.348952E-01 -1.520442E+00 -7.003176E-01
     13600 -3.574834E-02 -2.421374E-01 -5.022742E-01
     13601  1.138778E-01 -2.909195E-01 -3.985386E-01
     13602  0.000000E+00  0.000000E+00  0.000000E+00
     13603 -1.713809E-02 -3.333707E-01 -2.051013E-01
     13607  0.000000E+00  0.000000E+00  0.000000E+00
     13630  0.000000E+00  0.000000E+00  0.000000E+00
     13631 -1.199640E-01 -3.862282E-01  2.770466E-02
     13678  0.000000E+00  0.000000E+00  0.000000E+00
     13684  0.000000E+00  0.000000E+00  0.000000E+00
     13685 -3.323414E-01  9.088159E-01  4.311444E-01
     13697  0.000000E+00  0.000000E+00  0.000000E+00
     13698  0.000000E+00  0.000000E+00  0.000000E+00
     13699  5.494374E-02  2.555194E-01 -8.123603E-04
     13700  0.000000E+00  0.000000E+00  0.000000E+00
     13737 -1.846801E+00  2.243594E+00 -3.495877E-01
     13739  0.000000E+00  0.000000E+00  0.000000E+00
     13771  0.000000E+00  0.000000E+00  0.000000E+00
     13772 -1.553095E-01  7.757030E-02  9.841923E-02
     13782 -8.521370E-02  1.075237E-01 -5.622438E-02
     14300  0.000000E+00  0.000000E+00  0.000000E+00
     14301  0.000000E+00  0.000000E+00  0.000000E+00
     14307 -3.617992E-01  1.354125E-01 -3.325370E-02
     14362  4.664861E-01 -9.601248E-01  1.921544E-01
     14363  6.790646E-01 -1.519334E+00 -5.506930E-02
     14364  0.000000E+00  0.000000E+00  0.000000E+00
     14365 -1.770598E-01  1.522989E-01  3.398070E-02
     14378  2.405209E+00 -4.334977E+00 -1.778021E+00
     14379  3.385452E-01  1.429153E-01  1.246345E-01
     14380 -9.383838E-01  6.045845E-01  1.254932E-01
     14381  4.660372E-01 -4.123387E-01  3.246491E-03
     14382  2.187262E-01 -1.954595E-02 -2.013529E-01
     14383  3.001926E-01 -5.849549E-01 -2.934577E-01
     14479  3.628833E-01  8.977934E-02  1.039574E-01
     14644  1.224202E-01 -3.668288E-01  1.974498E-01
     14647 -5.612035E-01 -2.097699E+00 -1.036868E-01
     14648 -3.066909E-02 -5.482079E-02  1.666082E-01
     14654  0.000000E+00  0.000000E+00  0.000000E+00
     14694 -2.022229E-02 -7.067159E-02  2.475314E-02
     14702 -4.570560E-02  1.121893E-02  3.027071E-02
     14768  0.000000E+00  0.000000E+00  0.000000E+00
     14781  2.044073E-01 -1.433535E-01 -1.211079E-01
     14782  0.000000E+00  0.000000E+00  0.000000E+00
     14788  0.000000E+00  0.000000E+00  0.000000E+00
     14789 -2.830158E-03  5.150147E-03  4.082881E-03
     14790  8.852460E-03 -1.485295E-01 -9.293640E-02
     14795 -6.783429E+00 -9.059515E+00  1.448084E+00
     14800 -4.360294E+00 -7.924883E+00  4.008557E+00
     14802 -3.007975E+00 -4.918861E+00  3.885873E-01
     14805 -1.563556E+00 -1.115084E+00  5.959414E-01
     14814  5.882143E-01 -6.710446E-01  1.606403E-02
     14876  6.613961E-01 -1.169574E+00  7.474122E-01
     14877  1.048177E+00 -1.072729E+00  7.853751E-01
     14878  5.351906E-01 -7.846884E-01  1.199661E+00
     14880  4.517390E-02 -4.087670E+00  4.527549E-01
     14882  6.194757E-01 -2.515551E+00  4.317384E-01
     14883  1.130233E+00 -2.964568E+00  8.077576E-02
     14885  1.183083E+00 -1.026707E+00  3.606938E-01
     14886  9.470602E-01 -1.526997E+00  4.483255E-01
     14887  8.562532E-01 -7.922653E-01  2.107000E-01
     14889  3.346646E+00 -4.221440E+00  4.103059E-02
     14907  4.140661E+00 -5.366492E+00  1.298651E+00
     14908  5.594192E+00 -6.899107E+00  1.838782E+00
     14928 -1.485083E-03 -6.770365E-01  1.115634E+00
     14929 -7.546741E-01  2.334911E+00 -1.970350E+00
     14955  3.358211E-01 -3.495197E+00  5.608400E+00
     14959 -4.256734E-01 -9.010854E+00  5.680750E-01
     14968  3.382099E-02 -1.521020E+01  1.750925E+00
     14981  1.400873E-01 -7.853849E+00  7.839817E-01
     14982 -1.318346E+00 -5.743656E+00  2.139784E+00
     14983  1.993489E+00 -1.074652E+01 -2.714003E+00
     14985 -1.344584E+00 -2.433189E+01  2.057416E+00
     14986  7.547324E-01 -2.860686E+00  2.218824E+00
     14987 -1.472496E-01 -1.583946E+00  7.792050E-01
     14989  0.000000E+00  0.000000E+00  0.000000E+00
     14990  0.000000E+00  0.000000E+00  0.000000E+00
     14991  1.769655E-01 -4.562283E+00  1.332415E+00
     14992  0.000000E+00  0.000000E+00  0.000000E+00
     14993 -2.030039E-01  2.198643E-01  5.793264E-01
     14994  2.633541E-01 -2.015537E+00 -1.827531E-01
     14995  5.257895E-03  1.075351E-03  5.421375E-02
     15668  0.000000E+00  0.000000E+00  0.000000E+00
