
                        S T E P       1


                                INCREMENT     1


 forces (fx,fy,fz) for set NPROX and time  0.1000000E+01

      1292  4.034566E-01  6.702283E-01 -8.947499E-01
      1293  8.565284E-01  2.551564E+00 -1.642634E+00
      1406  6.038119E-01  6.304884E+00  2.445721E+00
      1408 -3.080927E+00  7.695982E+00  3.488207E+00
      1418 -1.841207E+00  2.422413E+00  1.479083E-01
      1419 -1.845253E+00  2.064352E+00 -1.021074E-01
      1420 -4.855077E+00  8.698816E+00  1.983286E-01
      1524 -1.621698E+00  3.853320E+00 -1.331946E+00
      1525 -9.302371E-01  2.118165E+00 -4.692937E-01
      1526 -3.475333E-01  8.549704E-01 -8.710457E-01
      1527 -6.077183E-02  1.131473E-01 -1.784967E-01
      1528 -7.351320E-02  7.280432E-02 -7.479989E-01
      1556  4.033745E-01  8.009980E+00  9.380227E-01
      1557 -5.891504E-02  8.728689E+00  4.228445E-01
      1558  2.756670E-01  3.052845E+00  9.339964E-01
      1559  5.603731E-01  1.387556E+00  9.593677E-01
      1560 -6.273489E-01  4.546033E+00  8.913819E-01
      1561 -9.416012E-02  4.880361E+00  2.233197E+00
      1562  2.258421E+00  8.197460E+00  1.782887E+00
      1566  7.503988E-01  8.689341E+00  8.116243E-01
      1620 -1.233007E+00  3.087734E+00 -2.375147E+00
      1624  1.253962E+00  1.785372E+00  1.221362E-01
      1625  9.232171E-01  2.087441E+00  1.025408E-01
      1626  1.329629E+00  3.524772E+00  1.671500E-02
      1628  9.252814E-02 -3.339106E-03 -7.250768E-02
      1629  4.753599E-02 -4.964557E-03  1.614533E-02
      1797 -9.673753E-01 -1.591842E+00 -4.455907E-01
      1798 -1.719477E+00 -2.839307E+00 -1.105296E-01
      1799 -1.655605E+00 -4.272976E+00 -4.377769E-01
      1800  1.680453E+00 -1.253094E+00  1.550915E-01
      1801  2.167571E+00 -2.520912E+00 -8.798034E-02
      1802  1.516999E+00 -7.981666E-01  8.624436E-01
      1810 -9.289432E-01 -4.702855E+00  4.946442E-01
      1819  1.028299E+00 -1.436276E+00 -2.145806E-01
      1820  5.208863E-01 -2.784052E-01 -3.465512E-01
      1821  1.446455E+00 -1.432396E+00 -8.849237E-02
      1830  1.072123E+00  7.437082E+00  1.129475E+00
      1831  6.188804E-01  8.248466E+00  9.039616E-01
      1832 -1.489840E-01  3.757996E+00  9.462713E-01
      1833 -4.369746E-01  7.352000E+00  9.333612E-01
      1861 -2.087500E-01  1.016923E+00  3.408786E-01
      1862  1.350101E+00 -1.849332E+00 -2.560804E-01
      1863  1.103907E+00 -1.333139E+00 -2.070603E-01
      1873  0.000000E+00  0.000000E+00  0.000000E+00
      1874  3.112179E-01  9.399130E-02  8.048634E-02
      1875  0.000000E+00  0.000000E+00  0.000000E+00
      1888  5.578203E-03  1.706182E+00  5.702239E-01
      1889 -4.794766E-01  1.496412E+00  9.758919E-01
      1890  3.170568E-01  2.891360E+00  7.756047E-01
      1891  1.113652E+00  3.789883E+00  1.351097E+00
      1892  1.095993E+00  3.779254E+00 -3.929923E-01
      1893  4.125235E-01  2.283880E+00  8.398018E-01
      1914 -7.783264E-01  1.400676E+00 -9.416256E-02
      1915 -1.620926E+00  2.292011E+00 -6.289896E-03
      1916 -1.455070E+00  1.771355E+00  5.805140E-02
      1948 -1.079283E-01  1.577668E-01 -2.147015E+00
      1949  1.835808E+00  2.129657E+01  3.418255E+00
      1950  1.472448E+00  2.243108E+01  4.119883E+00
      1967  1.984887E+00 -1.990216E+01  8.015485E+00
      1968 -2.166311E+00 -1.607140E+01  3.367815E+00
      1969  2.163052E-01 -4.447720E+00  9.791026E-01
      1970  9.604363E-04  4.907081E-03 -7.928862E-03
      1971 -5.720994E-01 -3.409902E+00  1.348650E+00
      1976  1.637162E-01 -3.373948E+00  5.283608E-01
      1977 -1.540288E-01 -1.571006E+00  1.714289E+00
      1981  3.375095E+00 -2.697231E+01  4.410185E+00
      1982  9.148387E-01 -9.450425E+00  1.433905E+00
      2064 -1.130201E-01  3.220837E+00  1.017330E+00
      2065  4.220020E-01  3.835171E+00  1.660007E+00
      2077  4.587535E+00  6.985926E+00  1.098609E+00
      2078  3.900587E+00  7.200536E+00  2.862802E-01
      2440 -2.895113E-01 -1.033541E+00 -7.527594E-01
      2441 -5.807089E-01 -7.428341E-01 -5.040401E-01
      2442 -4.679863E-01 -6.383382E-01 -8.594643E-01
      2444  1.078968E+00  1.378638E+00 -2.918546E-02
      2445  1.993737E+00  6.975637E+00 -2.204422E+00
      2446  1.086945E+00  7.732562E-01 -6.405921E-01
      2447  3.301656E+00  1.006383E+01 -1.983808E+00
      2448  3.646285E+00  9.257728E+00 -1.148295E+00
      2449  0.000000E+00  0.000000E+00  0.000000E+00
      2450  1.078976E+00  1.175216E+00 -4.761225E-02
      2451 -2.290159E-01 -1.380244E+00 -2.502709E-02
      2452  1.506060E+00  1.314277E+00  5.642292E-01
      2453  3.402653E+00  2.518022E+00  2.596707E+00
      2454  1.088725E+00  1.667105E+00  5.818000E-02
      2455  3.636714E+00  8.554855E+00 -8.565857E-01
      2456  1.152989E+00  1.445611E+00 -2.195676E-01
      2457  1.850707E+00  2.403656E+00 -8.810850E-01
      2458  5.008292E-01  9.622427E-01 -7.206857E-01
      2459  1.199489E+00  1.531713E+00 -7.271728E-01
      2460  8.174686E-01  1.420849E+00 -5.085178E-01
      2461  7.320494E-01  7.200588E-01 -1.156362E+00
      2462  6.678171E-01  1.003030E+00 -8.116866E-01
      2463 -4.404119E-01 -5.501108E-01 -5.915733E-01
      2464 -1.869156E-01  1.249213E-01 -6.904492E-01
      2465 -8.145356E-02 -2.699864E-01  1.534567E-02
      2466  0.000000E+00  0.000000E+00  0.000000E+00
      2467  6.511925E-01  1.279271E+00  1.865490E-01
      2468  7.263726E-01  5.265717E-01  2.005748E-01
      2469  6.011060E-01  1.518353E+00 -1.155082E+00
      2470  6.411382E-01  1.047376E-01 -2.021049E-01
      2471 -5.438543E-01 -7.857811E-01 -8.814408E-01
      2481 -1.921061E+00 -4.083504E+00 -2.629807E+00
      2482 -1.952895E+00 -5.605696E+00 -1.157060E+00
      2483 -1.108715E+00 -6.372890E-01 -7.583597E-01
      3068 -4.100954E-01  3.192851E-01  1.754472E-01
      3069 -5.628441E-01 -1.029978E+00 -3.722942E-01
      3070 -8.521742E-01 -9.512958E-01 -4.868308E-01
      3071  0.000000E+00  0.000000E+00  0.000000E+00
      3072  0.000000E+00  0.000000E+00  0.000000E+00
      3073 -1.292238E-01  6.341425E-01 -8.426457E-01
      3074  5.028937E-01  5.354843E-01 -5.262326E-01
      3075  3.676125E-01  1.456907E+00 -8.221524E-01
      3076 -5.109021E-01 -1.201897E+00 -1.926599E+00
      3077  7.002823E-01 -1.283308E+00  9.859648E-01
      3078  3.192686E-01  1.376236E+00  3.197394E-01
      3079  1.665817E+00  4.338477E+00 -9.254133E-01
      3080  1.353191E+00  1.224756E+00  5.988329E-02
      3177 -2.737184E-01  5.458365E-01 -9.497111E-01
      3178 -5.734836E-01  1.778411E+00 -2.168019E+00
      3179 -4.920267E-01  7.561590E-01 -5.317038E-01
      3180 -4.092003E-01  5.065961E-01 -5.386128E-01
      3181 -8.691290E-01  3.875489E-01  5.055624E-01
      3182 -1.149132E+00  7.977719E-01  1.090406E-01
      3410 -6.586066E-01  2.002949E+00  5.974450E-01
      3465 -6.697423E-01  5.403987E+00  2.294810E+00
      3466  2.189187E+00  6.490036E+00  2.729839E+00
      3468  9.924370E+00  1.665214E+01  5.023810E+00
      3470  3.360737E-01  1.879606E+00 -2.199996E-01
      3472 -1.351506E-01  1.697447E+00  4.879933E-01
      3484 -1.970109E-01  7.783934E+00  1.433378E+00
      3487 -3.929340E-01  1.716270E-01  3.295706E-02
      3531  4.483998E+00  1.631729E+01  3.899257E+00
      3546 -2.329158E+00  7.028162E+00 -8.489701E-01
      3547 -4.155561E+00  9.515066E+00 -2.733153E+00
      3548 -6.872168E+00  8.467710E+00  4.185727E-01
      3551 -4.504171E+00  8.716649E+00  8.306826E-02
      3553 -8.979625E-01  1.982211E+00 -2.666372E-01
      3554 -1.267106E+00  2.339388E+00 -4.237881E-01
      3555 -5.297245E-01  7.952427E-01 -2.458208E-01
      3565 -3.908470E+00  2.795032E+00  2.579759E+00
      3568 -4.157730E+00  7.969509E+00 -1.334627E+00
      3584 -1.932356E-01  5.620655E-01 -1.029277E+00
      3585 -1.815456E-01  4.708366E-02 -1.002955E+00
      3599 -1.287641E+00  1.382834E+00 -3.750019E-01
      3600 -2.332135E+00  5.963653E+00 -9.412440E-01
      3601 -8.099038E-01  1.127635E+00 -1.893241E-02
      3602 -5.824859E-01 -1.243514E-01 -8.717169E-01
      3603 -1.659392E+00  1.983356E+00 -6.786986E-01
      3604  0.000000E+00  0.000000E+00  0.000000E+00
      3605  4.057354E-01 -7.226849E-01  2.313389E-01
      3606  9.652468E-01 -3.581892E-01  6.245273E-02
      3607  6.400218E-01 -5.639147E-01 -5.336724E-01
      3608  2.447644E-01  1.585247E-02 -5.027784E-01
      3609  3.031772E-01 -6.760797E-01 -6.175060E-01
      3610  3.271033E-01  6.750555E-01 -6.877579E-01
      3611  2.089179E-01 -3.776324E-01 -8.964239E-01
      3612 -6.834874E-02  3.060826E-01 -1.059811E+00
      3613 -6.918255E-01  6.819099E-01 -5.255197E-01
      3614  2.589603E-01  5.032879E+00  6.833404E-01
      3615  3.107676E-01  2.210647E+00  8.565760E-01
      3616 -1.024178E+00  1.352193E+00 -3.360115E-01
      3617 -1.023763E+00  1.677481E+00 -4.422980E-01
      3618 -1.768881E+00  2.084877E+00 -2.401137E-01
      3619 -1.401734E+00  1.721986E+00 -2.794715E-01
      3620 -4.816503E+00  5.582552E+00  4.147369E-01
      3621  0.000000E+00  0.000000E+00  0.000000E+00
      3622 -5.890224E-01  1.211928E+00  4.857784E-01
      3623  0.000000E+00  0.000000E+00  0.000000E+00
      3624  9.961915E-01 -6.243810E-01 -8.519757E-01
      3625  1.441002E+00  7.396018E-02  1.130959E+00
      3626  4.024252E-01 -4.050313E-01 -1.853674E-01
      3627  8.660492E-01 -1.535002E+00 -7.629368E-01
      3629 -2.982370E+00 -1.619284E+01  3.966418E+00
      3630 -4.083169E+00 -2.085007E+01  6.640519E+00
      3631  4.706022E+00 -2.950050E+01  6.368349E+00
      3632  8.620432E-01 -4.622049E+00  2.118643E+00
      3633  9.582806E-01 -2.000826E+00  1.549490E+00
      3638  5.129335E-01 -1.851271E+00  1.557179E+00
      3639  0.000000E+00  0.000000E+00  0.000000E+00
      3640  7.406226E-02 -4.416355E-01 -1.916488E-01
      3648 -7.991707E-01 -3.976807E+00  1.806024E+00
      3649 -6.133413E-01 -2.405401E+00  2.131192E+00
      3656 -5.626077E-01 -4.038544E+00  2.914562E+00
      3657  2.763227E-01 -5.223178E+00  2.360634E+00
      3658 -5.871884E-02 -3.799317E+00  1.141550E+00
      3659 -1.023037E+00 -3.739097E+00  1.227651E+00
      3660 -2.264719E-01 -4.397465E+00  1.516860E+00
      3661  0.000000E+00  0.000000E+00  0.000000E+00
      3662  5.207886E-02 -1.073438E+00 -6.074275E-02
      3663 -4.959270E-01 -1.795779E+00  9.814235E-01
      3664 -1.111179E-01 -3.879079E+00  9.138172E-01
      3665 -2.114817E-01 -1.963289E+00  7.336250E-01
      3666  5.461713E-01 -6.626041E+00  1.025431E-01
      3669 -5.007465E-01 -2.196467E+00  1.225002E+00
      3670 -4.171709E-01 -2.411899E+00  9.931272E-01
      3671 -1.601984E-01 -1.161580E+00  4.427401E-01
      3672 -6.452298E-02 -6.109518E+00  6.403764E-01
      3675 -2.132080E-01 -3.315558E+00  1.700588E+00
      3694 -1.220414E+00 -1.353407E+00 -4.496682E-02
      3695 -8.273810E-01 -1.240604E+00 -2.439726E-01
      3696 -1.009368E+00 -1.201816E+00 -6.858026E-02
      3701  1.400833E+00 -3.039313E+00 -1.161277E+00
      3705  1.899426E-01 -1.098537E+00 -4.020993E-01
      3706  8.026671E-01 -1.461695E+00 -6.369541E-01
      3707  9.486869E-01 -1.337375E+00 -8.496216E-01
      3708 -1.438422E+00  2.779806E+00 -1.167235E+00
      3709 -1.289790E+00  1.642479E+00 -4.022941E-01
      3719 -9.857458E-01 -2.140703E+00  7.140503E-02
      3720 -1.427469E+00 -4.188890E+00  9.363570E-02
      3724 -1.173812E+00 -1.566848E+00 -3.964615E-01
      3725  0.000000E+00  0.000000E+00  0.000000E+00
      3726  0.000000E+00  0.000000E+00  0.000000E+00
      3727 -1.313237E+00 -1.235203E+00  1.608958E-01
      3766  2.048914E+00  2.002992E+01  4.727192E+00
      3767  1.231707E+00  1.364051E+01  2.696959E+00
      3768  7.348989E-01  3.311222E+00  1.362667E+00
      3769 -1.462466E-01  2.266155E+00  1.409596E+00
      3770  3.170844E-01  1.045886E+00  6.985376E-01
      3771  3.900461E-01  1.014327E+00  7.498063E-01
      3772  7.516705E-02  1.329091E+00  6.540019E-01
      3773  3.087825E-01  1.108538E+00  3.886521E-01
      3774  3.135689E-01  1.665163E+00  5.616455E-01
      3775  4.168409E-01  2.314995E+00  3.935012E-01
      3776  4.870937E-01  7.555315E+00  1.568105E+00
      3777  4.347893E-01  2.625940E+00  7.986099E-01
      3778  6.790038E-01  6.435354E+00  9.934662E-02
      3779  2.339759E-01  1.434230E+00  2.575048E-01
      3780  1.075603E-01  6.172374E+00 -1.405750E-01
      3808  4.448681E-01  1.858779E+00  1.366933E+00
      3809  2.222947E-01  7.526931E-01  4.056340E-01
      3830  6.520639E+00 -1.918689E+01  5.447561E+00
      3831  2.941000E+00 -8.929041E+00  2.247066E+00
      3832  9.116926E-01 -2.787671E+00  1.475170E+00
      3845  0.000000E+00  0.000000E+00  0.000000E+00
      3846  0.000000E+00  0.000000E+00  0.000000E+00
      3847  0.000000E+00  0.000000E+00  0.000000E+00
      3848 -1.055021E+00  2.293046E+00  9.266789E-01
      3849  4.674615E-01 -1.285030E+00  5.474358E-01
      3850 -7.732463E-01  1.344815E+00  3.562495E-01
      3876 -6.848361E-01  1.038904E+00 -8.847118E-01
      3877 -1.351311E+00  2.708322E+00 -2.065337E+00
      3878 -7.829207E-01  1.456467E+00 -4.801891E-01
      3883  2.088145E-01 -4.019710E-01 -1.061113E+00
      3884  3.305914E-01 -3.599965E-01 -2.486522E+00
      3888 -1.540884E-02 -9.652336E+00  1.511819E+00
      3917 -4.987125E-01  3.235360E+00  9.146344E-01
      3918 -7.060379E-01  4.271371E+00  1.124511E+00
      3919  3.158305E-01  1.159716E+00  9.787986E-01
      3923  1.729678E+00  2.041367E+00 -3.499817E-01
      3924  1.375627E+00  1.913435E+00 -3.885824E-01
      3932 -4.166773E-01  2.786598E+00  1.398511E+00
      3933 -2.306036E-01  9.905400E-01  5.423080E-01
      3934 -4.115153E-01  5.525664E-02  6.057691E-01
      3969 -2.699271E-01  2.269105E+00  4.611403E-01
      3970 -6.478680E-01  4.652288E+00  6.438551E-01
      3973  5.251050E-01  1.984153E+00  9.947091E-01
      3974 -8.247271E-01  4.252805E+00  2.003689E+00
      3975  5.017730E-02  2.636710E+00  1.077434E+00
      3977 -2.974822E+00  9.213155E+00  1.452730E+00
      3978  7.337155E-01  2.653897E+01  6.248860E+00
      3979  4.630490E-01  1.794127E+00  1.136783E+00
      3980 -1.662703E-02  4.216359E+00  1.319174E+00
      3981  4.656770E-02  3.220099E+00  9.989563E-01
      3982 -8.266796E-01  4.224624E+00 -8.019159E-02
      3983  4.337073E-01  4.265695E+00  1.131448E+00
      3993 -1.055330E-02  4.392403E+00  5.469274E-01
      4046 -2.967703E-02 -8.952861E-01 -6.676755E-01
      4047  3.108766E-01  7.606662E-01 -2.469350E+00
      4057  1.127853E+00  1.952645E+00 -5.148330E-01
      4058  1.661032E+00  3.453942E+00 -2.211565E-01
      4063  1.747175E+00  3.161460E+00 -1.148766E+00
      5160  2.006201E-01 -6.003258E-01 -7.686313E-01
      5161 -3.597664E-02 -1.744654E-01 -3.181566E-01
      5162 -1.090636E-01 -1.082362E-01 -9.364045E-01
      5163 -8.870726E-01 -2.176017E+00 -8.328485E-01
      5164 -8.062443E-01 -1.866830E+00 -1.539402E+00
      5167  1.760670E+00  3.545752E+00 -2.973070E-01
      5170  1.563509E+00  3.154963E+00 -4.641558E-03
      5483 -2.474793E+00  2.023598E+01  1.751628E+00
      5484 -8.010035E-02  6.043244E+00  8.688862E-01
      5485  2.886720E-01  2.455230E+00  8.911088E-01
      5486 -1.076190E+00  4.878671E+00 -5.810772E-01
      5487 -3.326793E-01  2.868967E+00  5.177920E-01
      5488 -3.036109E-01  9.507887E-01  4.224388E-01
      5493  3.532099E-01  5.180473E-01 -2.215757E-01
      5503  2.868975E+00 -1.030032E+01  1.913805E+00
      5509 -5.956842E-01 -2.072057E+00  3.718996E+00
      5524  1.252307E-01  1.178960E+00  7.857956E-01
      5525 -1.707301E-01  7.320767E-01  1.049001E+00
      5612  4.887120E+00  1.307857E+01  3.873330E+00
      5615 -1.779815E-01 -1.771000E-01 -2.859767E-01
      5616  0.000000E+00  0.000000E+00  0.000000E+00
      5620 -1.145212E+00  5.413657E+00  2.299737E+00
      5621 -3.447535E+00  2.246093E+01  5.335446E+00
      5622 -1.015722E+00  1.716677E+01  3.597969E+00
      5623 -2.196080E+00  1.164719E+01  1.980021E+00
      5635 -2.234255E+00  5.262051E+00 -3.307971E-02
      5636 -2.194979E+00  5.428629E+00 -1.318395E+00
      5638 -1.901162E+00  4.292340E+00  2.220103E-02
      5701  3.963251E+00  7.561326E+00  1.280284E-01
      5702  1.562891E+00  2.800225E+00 -5.652128E-01
      5776  1.621283E-01  6.390735E-01 -4.199126E-01
      5777  6.706515E-01  3.615176E+00 -3.401052E+00
      5778 -2.341546E-02  2.773619E+00  4.046058E-01
      6003  1.460737E+00 -3.368974E+00 -3.061277E-01
      6004  1.728441E+00 -3.211854E+00 -4.424087E-01
      6039  6.574093E-02  4.912109E-02 -2.367679E-03
      6048 -2.448291E+00 -3.031893E+00  5.328818E-01
      6075 -1.823229E-01  1.874162E+00  6.441429E-01
      6076  0.000000E+00  0.000000E+00  0.000000E+00
      6157  1.725553E-01 -2.885954E+00  7.709185E-01
      6158 -1.204803E-01 -2.939695E+00  1.469235E+00
      6160 -5.615747E+00 -1.163231E+01  3.991546E+00
      6161 -1.073660E+00 -7.812247E+00  3.256761E+00
      6162 -1.671341E-01 -2.305936E+00  2.541081E+00
      6163 -2.961822E-01 -1.784052E+00  1.442598E+00
      6165 -8.802108E-01 -7.113440E+00  1.581438E+00
      6176  9.717151E-01 -9.036037E+00  2.995055E+00
      6181 -3.277664E+00 -1.125149E+00  8.915678E-01
      6182 -5.824440E-02 -1.352043E+00  5.907298E-01
      6192  1.055317E+00 -3.767471E+00  5.628896E-01
      6194 -8.230363E-03 -1.647352E+00  9.691319E-01
      6195  4.075639E-01 -3.464635E+00  8.260146E-01
      6196  3.876888E-01 -2.088485E+00  6.334619E-01
      6199 -1.100589E-01 -2.794077E+00 -2.829781E-01
      6200  3.295840E-01 -2.725128E+00  4.854142E-01
      6202  1.072697E+00 -8.096742E+00  1.503587E+00
      6239 -2.397995E-01  2.277206E-01 -2.207105E-02
      6240 -1.117769E+00 -1.879943E+00  1.229153E+00
      6241 -2.501788E-01 -1.928629E+00  7.402420E-01
      6245 -3.357312E-01 -4.311141E+00  9.514611E-01
      6246  9.912760E-01 -6.104293E+00  8.392520E-01
      6254  4.207714E-01 -2.381279E+00  1.111462E+00
      6255  2.559873E-01 -1.774353E+00  1.087901E+00
      6256  7.636249E-02 -1.174927E+00  6.082434E-01
      6257  1.743147E-01 -3.296308E+00  1.683531E+00
      6258  5.073476E-01 -1.099092E+00  1.084235E+00
      6259  1.921513E-01 -3.094993E+00  1.015426E+00
      6260  5.406060E+00 -1.054313E+01  3.031783E+00
      6261  9.838180E-01 -2.530113E+00  1.886167E+00
      6377  1.215610E+00  3.950682E+00 -1.737792E+00
      6378  1.544435E+00  4.103486E+00 -1.440456E+00
      6379  3.337067E-01  1.043325E+00 -4.628738E-01
      6400 -3.157574E+00  8.105654E+00 -1.435317E-01
      6401  0.000000E+00  0.000000E+00  0.000000E+00
      6402 -3.410576E-01  4.799101E-01  3.499413E-01
      6403  8.124344E-02 -1.153541E-01 -3.179244E-02
      6404  2.685593E+00 -6.584704E+00 -2.553125E+00
      6405  2.931996E+00 -1.485298E+01 -1.381914E+00
      6407  1.083792E+00  4.618014E-01  1.581610E+00
      6420 -1.346293E+00 -1.977413E-01 -3.240444E-02
      6421 -3.425717E+00 -6.733747E+00 -1.359697E+00
      6422 -2.571460E+00 -9.243175E+00 -3.143514E+00
      6423 -1.287254E+00 -8.223467E-01  4.768833E-01
      6428 -1.102640E+00  1.162744E+00 -1.621899E-01
      6433 -7.428329E-01 -1.311720E+00  4.703799E-01
      6435  1.546269E+00  1.807359E+00 -4.102006E-01
      6436 -6.933924E-01 -9.735940E-01 -2.622793E-01
      6437  3.023173E-01  7.462498E-01  4.969578E-01
      6438  0.000000E+00  0.000000E+00  0.000000E+00
      6439 -5.418995E-01 -9.821742E-01 -8.019647E-01
      6721 -1.200664E-01 -2.484211E+00  1.514208E+00
      6744 -1.381566E+00 -5.035975E+00  2.353509E-01
      6745  0.000000E+00  0.000000E+00  0.000000E+00
      6749  3.227367E-01 -4.325486E+00  1.187421E+00
      6788 -8.003990E-01 -3.022618E+00 -1.848399E-01
      6789 -5.107497E-02 -3.131665E-01 -7.238929E-01
      6790 -3.474312E-03 -7.325668E-01  6.046079E-01
      6791  1.736688E-01 -2.533409E+00  1.271406E+00
      6792  6.485096E-01 -3.522696E+00  7.810669E-01
      6793 -4.123737E-01 -9.509246E+00  2.480817E+00
      6795 -6.318113E+00 -2.414934E+01  4.443149E+00
      6798 -2.399919E+00 -8.043355E+00  1.834239E+00
      6799  9.630172E-02 -3.313622E+00  1.086096E+00
      6800  1.455503E+00 -1.057117E+01  1.844962E+00
      6801  3.352611E-02 -1.988480E+00  9.229521E-01
      6803  3.044002E-01 -7.542148E+00  2.163012E-01
      6804 -3.343912E-01 -6.900736E+00  7.033691E-01
      6819  7.960710E-01 -4.659629E+00  5.915184E-01
      6825  7.439951E-03 -3.111662E+00  1.027978E+00
      6827 -6.254987E-01 -8.525444E-01 -3.036993E-01
      6828 -6.492939E-01 -1.716038E+00 -2.379885E-01
      6830 -6.855480E-01  3.071381E+00  4.644817E-01
      6841  1.399575E-01 -7.141892E-02 -1.763745E-01
      6842  1.858962E+00 -6.168107E+00 -2.577334E+00
      6865 -1.349986E+00  3.667533E+00 -1.239289E+00
      6866 -2.402706E+00  7.714909E+00 -3.541904E+00
      6880  1.366509E+00 -1.045118E+00  7.265244E-02
      6881 -7.411669E-01  2.170436E+00 -7.293906E-01
      6882 -1.856978E-01 -5.037187E-01 -1.115341E+00
      6883  3.127807E-01  1.262602E+00 -9.924593E-01
      6884 -3.158836E-01 -1.275933E+00 -2.436237E+00
      6916  2.941954E-01 -5.764712E-01  1.709242E-01
      6917  9.191669E-01 -3.316675E-01 -4.152858E-01
      6918 -4.543106E-01 -8.746970E-01 -1.555298E+00
      6930  0.000000E+00  0.000000E+00  0.000000E+00
      6940  2.823105E+00 -4.288253E+00 -7.767862E-01
      6941  7.019799E-01 -4.652518E-01 -1.946944E-01
      6944 -2.293838E+00 -3.747211E+00 -6.753100E-01
      6945 -8.572850E-01 -1.331952E-01 -4.889573E-01
      6946 -2.947040E+00 -5.809048E+00 -1.001833E+00
      6965  6.488095E+00 -7.374066E+00  2.120815E+00
      6988 -1.452157E+00  2.381020E-01  1.070854E-01
      6993  0.000000E+00  0.000000E+00  0.000000E+00
      6994  0.000000E+00  0.000000E+00  0.000000E+00
      6999 -4.167511E-01 -3.085492E-01 -1.233682E-01
      7025  1.599919E+00  3.234258E+00 -1.961082E+00
      7145  3.907277E-02 -4.991161E-02 -8.016437E-01
      7155  3.057184E-02 -8.234296E-02 -1.330442E+00
      7183 -1.488274E-01 -4.264905E-01 -4.528343E-01
      7184 -3.775123E-01 -6.002468E-01 -3.963740E-01
      7185  3.665823E-01  3.643637E-01 -2.260106E-01
      7186 -6.312304E-01 -1.822003E+00  6.675787E-01
      7250  1.044810E+00 -5.361028E+00 -2.147050E+00
      7251  5.708888E+00 -6.049343E+00 -1.014080E+00
      7256 -1.459615E+00 -3.222379E+00 -4.658458E+00
      7265 -3.903674E-01 -2.263079E+00  7.809283E-01
      7266 -7.542153E-01 -1.595776E+00  1.987703E-01
      7267 -4.110394E-01 -4.323588E+00 -1.474756E-01
      7268 -3.717937E-02 -1.429719E+00  2.099782E-01
      7269  0.000000E+00  0.000000E+00  0.000000E+00
      7282  5.531962E-01 -1.252404E+00  1.148455E+00
      7288 -3.197830E-01 -3.891653E-01 -2.112075E-01
      7953 -1.947010E-01  2.084701E+00 -3.312684E-01
      7974  3.365969E+00  5.990766E+00 -4.437803E-01
      7975  1.873715E+00  2.108455E+00  5.032558E-01
      7983  2.388377E-01 -4.373234E-01 -5.135399E-01
      7984  3.371567E-03 -3.777096E-01 -1.056607E+00
      7985  4.335582E-01 -1.064193E+00  5.469666E-01
      7993 -3.769451E+00 -6.333275E+00  1.283874E+00
      7996 -1.026346E+00 -7.540577E-01  2.618432E-01
      7997 -1.845502E+00 -1.600746E+00  8.425040E-02
      8063 -3.717905E+00 -7.052345E+00  9.579085E-02
      8072  1.088592E+00  1.231361E+00 -3.919438E-01
      8073  8.957764E-01 -3.015402E+00 -1.590818E+00
      8078  9.444496E-01 -2.069262E+00  9.431689E-01
      8079 -3.006151E-01 -3.711814E+00  9.971290E-01
      8092  6.754997E-01 -4.655914E+00  2.453828E+00
      8099 -7.570015E-01 -2.243155E-01  1.824062E-01
      8236  4.987609E-01  4.043841E+00  1.882730E-01
      8237 -1.336941E+00  3.782659E+00  5.835012E-01
      8731  1.120404E+00  3.536799E+00 -5.337844E+00
      8897 -1.605905E+00  4.378891E+00 -4.767202E-02
      8927  9.638241E-01  2.743398E+01  6.616608E+00
      8928 -1.091647E-01  2.802321E+00  1.196321E+00
      9013 -2.617062E-01  2.609167E+00  4.154713E-01
      9014 -6.831349E-01  2.101577E+00  7.191481E-01
      9015 -2.871364E-01  3.101504E+00  1.261939E+00
      9017 -2.579522E-01  3.454670E+00  1.193504E+00
      9018  7.796540E-02  1.976698E+00  7.990349E-01
      9019 -1.123368E+00  4.704769E+00  6.715994E-01
      9041 -6.864379E+00  1.331967E+01  4.355737E+00
      9043 -3.597439E+00  1.278331E+01  4.957775E+00
      9081 -4.446448E-02  6.069167E+00  9.404642E-01
      9127 -3.103736E-01  2.754960E+00  1.051078E+00
      9128 -1.258632E+00  1.134662E+01  1.597794E+00
      9138 -1.006902E+00 -3.758445E-01 -4.930265E-01
      9139  0.000000E+00  0.000000E+00  0.000000E+00
      9140  0.000000E+00  0.000000E+00  0.000000E+00
      9141 -3.699377E-01 -3.606084E+00  1.027002E+00
      9146  2.469352E-01 -1.050389E-01 -3.112190E-01
      9172 -1.475022E-01  4.499772E+00  5.052425E-01
      9199  2.203957E+00  5.241559E+00 -1.416435E+00
      9205  3.104868E-03 -1.566185E-01 -1.549233E-01
      9215 -7.282905E-01  3.646580E+00  1.137110E-02
      9278  6.342390E-03  1.025965E-02 -1.545543E-02
      9279  0.000000E+00  0.000000E+00  0.000000E+00
      9280  6.956882E-01  2.055227E+00 -1.736495E-01
      9309  1.655893E+00 -4.404532E+00 -2.139831E-01
      9333 -9.355423E-02  7.584545E+00  3.533471E-01
      9337  5.501738E-01 -1.706614E+00 -6.110533E-01
      9338  6.448960E-01 -4.393645E+00  1.759210E+00
      9417  6.558593E-01  3.128871E-02 -3.305178E-01
      9418 -2.272464E-02 -2.805616E-02 -1.495792E-02
      9419  0.000000E+00  0.000000E+00  0.000000E+00
      9420  0.000000E+00  0.000000E+00  0.000000E+00
      9422 -5.239258E-01  1.872000E+00  1.026941E+00
      9437  8.708752E-01 -3.672401E+00 -7.662602E-01
      9453 -2.397782E+00 -3.651056E+00  6.305638E-01
      9454  0.000000E+00  0.000000E+00  0.000000E+00
      9455 -5.688465E-01 -6.672457E+00 -8.868478E-01
      9460  9.342305E-01 -8.445264E+00 -2.006064E+00
      9461  5.138162E+00 -5.411844E+00  1.390519E+00
      9462  6.241401E-01 -5.678962E-01 -1.307393E-01
      9463  3.329115E-01 -2.242694E+00 -7.143080E-01
      9464  4.178866E-01 -2.412663E+00 -4.577021E-01
      9485  2.296350E-01  5.260125E-01  2.834725E-01
      9486  0.000000E+00  0.000000E+00  0.000000E+00
      9487  3.464144E-01 -1.808410E-01 -6.337355E-01
      9488  0.000000E+00  0.000000E+00  0.000000E+00
      9489  1.327638E+00 -5.058554E+00  4.988474E-01
      9490  9.567900E-02 -9.670285E-02 -1.516042E-01
      9491  2.976869E-01 -9.460756E-01  1.629958E-01
      9495  6.662210E-01 -1.719432E+00  7.659715E-02
      9534  0.000000E+00  0.000000E+00  0.000000E+00
      9638  2.009849E-01 -2.112604E-01  8.949101E-02
      9661  0.000000E+00  0.000000E+00  0.000000E+00
      9662  4.104626E-01  1.754410E-01  1.286896E-01
      9663 -1.816308E+00 -3.550132E+00 -2.442083E+00
      9666 -7.753827E-01 -3.220352E+00 -2.999531E-01
      9667 -7.495835E-01 -1.805735E+00 -7.281431E-01
      9669 -8.723365E-01 -3.119068E-01 -5.062725E-01
      9670 -5.155772E-01 -3.598311E+00 -1.216548E-01
      9671 -6.412422E-01 -1.334637E+00 -5.693816E-01
      9736  1.723555E-01  1.351395E+01  1.620296E+00
      9743 -2.466078E-01 -1.695468E-01 -1.776830E-01
      9780 -8.725739E-01 -3.212287E+00  4.155782E-01
      9793  0.000000E+00  0.000000E+00  0.000000E+00
     10048 -9.099559E-01 -2.097528E+00  1.281966E+00
     10073 -6.643586E-02 -1.419178E-01 -1.331784E+00
     10100  4.114855E-01 -2.380747E+00  1.983419E-04
     10161 -9.444607E-01 -2.837777E+00  5.342559E-01
     10162 -1.499642E-01 -1.121874E+00  6.761924E-01
     10169  2.149330E+00  9.703957E+00  2.270932E+00
     10194 -6.864053E-02  1.847121E+00 -3.022662E+00
     10228 -1.285826E-01 -1.183883E+01  4.042189E+00
     10231  7.534599E-01 -4.984969E-01 -1.989126E-01
     10260  0.000000E+00  0.000000E+00  0.000000E+00
     10454  3.179058E+00 -5.675433E+00 -9.295793E-01
     10461  0.000000E+00  0.000000E+00  0.000000E+00
     10514 -8.509015E-01 -1.558611E+00  7.510160E-02
     10515 -3.826506E-01 -7.220165E-01 -2.338092E-01
     10521 -2.792967E-01  4.322379E-01 -3.960129E+00
     10524  0.000000E+00  0.000000E+00  0.000000E+00
     10606  7.090105E-01 -1.138246E+00 -1.897974E+00
     10609  6.867392E-01 -4.195243E+00 -4.021997E+00
     10628 -1.146242E+00 -1.494960E+00  9.226066E-01
     10656 -7.473475E-01 -1.476771E+00  1.642436E+00
     10660 -1.154013E+00 -8.346918E-01  1.102180E+00
     13435  3.019974E-01  8.415286E-01 -4.904423E-01
     13436  3.845963E-01  7.807017E-01 -3.390741E-01
     13437 -7.923686E-01 -1.200390E+00  4.458421E-01
     13438  3.419566E-01  4.457485E-01 -9.776800E-02
     13439 -7.063132E-01 -1.222389E+00 -2.192561E-01
     13440 -7.991780E-01 -1.491243E+00 -3.009217E-01
     13473 -5.392531E-01 -1.265288E+00  7.968720E-03
     13542  1.321808E-01 -1.866779E-01  2.455008E-02
     13543 -1.316731E-01  2.573748E-02 -1.667282E-02
     13546  1.133494E-01 -1.245422E-01 -1.746472E-02
     13547  0.000000E+00  0.000000E+00  0.000000E+00
     13563  5.877197E-01  9.917885E-01  2.089489E-02
     13570 -1.912670E-02  6.319236E-02 -1.702153E-01
     13571  6.564047E-02 -3.288758E-02 -5.885252E-02
     13573 -1.973761E-01  7.596799E-02  2.121165E-02
     13574  0.000000E+00  0.000000E+00  0.000000E+00
     13575  0.000000E+00  0.000000E+00  0.000000E+00
     13576  0.000000E+00  0.000000E+00  0.000000E+00
     13577  0.000000E+00  0.000000E+00  0.000000E+00
     13578  0.000000E+00  0.000000E+00  0.000000E+00
     13579 -1.170106E+00 -2.139258E+00 -4.387629E-01
     13588 -4.074615E-01 -8.266769E-01  1.090778E-01
     13590 -7.457414E-01 -1.545177E+00 -7.125599E-01
     13600 -3.785061E-02 -2.415400E-01 -5.037778E-01
     13601  1.071225E-01 -2.953305E-01 -4.113480E-01
     13602  0.000000E+00  0.000000E+00  0.000000E+00
     13603 -1.323347E-02 -3.272066E-01 -2.022576E-01
     13607  0.000000E+00  0.000000E+00  0.000000E+00
     13630  0.000000E+00  0.000000E+00  0.000000E+00
     13631 -1.251213E-01 -3.890636E-01  3.015325E-02
     13678  0.000000E+00  0.000000E+00  0.000000E+00
     13684  0.000000E+00  0.000000E+00  0.000000E+00
     13685 -3.360445E-01  9.264984E-01  4.423485E-01
     13697  0.000000E+00  0.000000E+00  0.000000E+00
     13698  0.000000E+00  0.000000E+00  0.000000E+00
     13699  6.117554E-02  2.551468E-01 -2.655126E-03
     13700  0.000000E+00  0.000000E+00  0.000000E+00
     13737 -1.879670E+00  2.239237E+00 -3.620515E-01
     13739  0.000000E+00  0.000000E+00  0.000000E+00
     13771  0.000000E+00  0.000000E+00  0.000000E+00
     13772 -1.591330E-01  7.946949E-02  1.008665E-01
     13782 -8.416166E-02  1.064333E-01 -5.545234E-02
     14300  0.000000E+00  0.000000E+00  0.000000E+00
     14301  0.000000E+00  0.000000E+00  0.000000E+00
     14307 -3.672335E-01  1.373251E-01 -3.359304E-02
     14362  4.758387E-01 -9.794654E-01  1.981152E-01
     14363  6.932426E-01 -1.547725E+00 -5.129960E-02
     14364  0.000000E+00  0.000000E+00  0.000000E+00
     14365 -1.814992E-01  1.521585E-01  3.344753E-02
     14378  2.450372E+00 -4.418031E+00 -1.803984E+00
     14379  3.414270E-01  1.410002E-01  1.346888E-01
     14380 -9.574592E-01  6.111791E-01  1.278334E-01
     14381  4.704276E-01 -4.240744E-01  1.023123E-02
     14382  2.241138E-01 -8.605894E-03 -2.014031E-01
     14383  3.019969E-01 -5.878615E-01 -2.928916E-01
     14479  3.616306E-01  8.961318E-02  1.010810E-01
     14644  1.250277E-01 -3.764764E-01  2.030160E-01
     14647 -5.737327E-01 -2.140154E+00 -1.060640E-01
     14648 -3.228372E-02 -5.650532E-02  1.715391E-01
     14654  0.000000E+00  0.000000E+00  0.000000E+00
     14694 -2.078516E-02 -7.211800E-02  2.510765E-02
     14702 -4.682161E-02  1.148550E-02  3.101492E-02
     14768  0.000000E+00  0.000000E+00  0.000000E+00
     14781  2.033533E-01 -1.421506E-01 -1.161003E-01
     14782  0.000000E+00  0.000000E+00  0.000000E+00
     14788  0.000000E+00  0.000000E+00  0.000000E+00
     14789 -2.898112E-03  5.265839E-03  4.177142E-03
     14790  9.346527E-03 -1.519980E-01 -9.446679E-02
     14795 -6.653238E+00 -8.800695E+00  1.519377E+00
     14800 -4.281933E+00 -7.655317E+00  3.966720E+00
     14802 -2.959348E+00 -4.767342E+00  4.075597E-01
     14805 -1.565300E+00 -1.106425E+00  6.036477E-01
     14814  5.805608E-01 -6.667235E-01  2.053600E-02
     14876  6.605958E-01 -1.162688E+00  7.410036E-01
     14877  1.054040E+00 -1.063058E+00  7.940312E-01
     14878  5.374938E-01 -7.813217E-01  1.195100E+00
     14880  3.984410E-02 -4.121792E+00  4.458961E-01
     14882  6.180787E-01 -2.527650E+00  4.346499E-01
     14883  1.133156E+00 -2.981005E+00  8.049422E-02
     14885  1.190038E+00 -1.028156E+00  3.673896E-01
     14886  9.416881E-01 -1.542776E+00  4.495200E-01
     14887  8.631882E-01 -7.886974E-01  2.164272E-01
     14889  3.275931E+00 -4.118365E+00  7.459663E-02
     14907  4.115039E+00 -5.275384E+00  1.311722E+00
     14908  5.511594E+00 -6.738142E+00  1.861200E+00
     14928 -3.105828E-03 -6.755461E-01  1.115570E+00
     14929 -7.570265E-01  2.353219E+00 -1.982963E+00
     14955  3.265865E-01 -3.498009E+00  5.684813E+00
     14959 -4.396859E-01 -9.187370E+00  5.768503E-01
     14968 -3.284179E-02 -1.517467E+01  1.852525E+00
     14981  1.379055E-01 -8.007733E+00  7.965891E-01
     14982 -1.326986E+00 -5.806435E+00  2.175035E+00
     14983  1.932942E+00 -1.072242E+01 -2.650538E+00
     14985 -1.407837E+00 -2.430238E+01  2.394487E+00
     14986  7.547378E-01 -2.974061E+00  2.266570E+00
     14987 -1.579551E-01 -1.595335E+00  7.770475E-01
     14989  0.000000E+00  0.000000E+00  0.000000E+00
     14990  0.000000E+00  0.000000E+00  0.000000E+00
     14991  1.675966E-01 -4.627705E+00  1.368157E+00
     14992  0.000000E+00  0.000000E+00  0.000000E+00
     14993 -2.029781E-01  2.211447E-01  5.855643E-01
     14994  2.575349E-01 -2.039260E+00 -1.753689E-01
     14995  5.357688E-03  1.099138E-03  5.507049E-02
     15668  0.000000E+00  0.000000E+00  0.000000E+00
