
                        S T E P       1


                                INCREMENT     1


 forces (fx,fy,fz) for set NPROX and time  0.1000000E+01

      1292  4.031057E-01  6.671737E-01 -8.918964E-01
      1293  8.555223E-01  2.547927E+00 -1.640165E+00
      1406  6.023958E-01  6.296375E+00  2.435800E+00
      1408 -3.073261E+00  7.673322E+00  3.471285E+00
      1418 -1.835389E+00  2.422535E+00  1.466679E-01
      1419 -1.839605E+00  2.064467E+00 -1.016362E-01
      1420 -4.828524E+00  8.676673E+00  1.912451E-01
      1524 -1.620273E+00  3.851513E+00 -1.330508E+00
      1525 -9.291575E-01  2.116250E+00 -4.696956E-01
      1526 -3.473633E-01  8.537246E-01 -8.699304E-01
      1527 -6.086133E-02  1.087089E-01 -1.796554E-01
      1528 -7.341254E-02  7.041467E-02 -7.431839E-01
      1556  4.054378E-01  8.025998E+00  9.351773E-01
      1557 -5.691883E-02  8.745654E+00  4.193069E-01
      1558  2.791931E-01  3.061451E+00  9.271195E-01
      1559  5.607407E-01  1.382707E+00  9.537734E-01
      1560 -6.286728E-01  4.561098E+00  8.839691E-01
      1561 -9.859954E-02  4.887859E+00  2.225114E+00
      1562  2.261261E+00  8.219915E+00  1.757256E+00
      1566  7.499978E-01  8.706142E+00  8.089430E-01
      1620 -1.209373E+00  3.066570E+00 -2.346287E+00
      1624  1.252359E+00  1.785706E+00  1.212686E-01
      1625  9.225906E-01  2.089091E+00  1.022477E-01
      1626  1.328186E+00  3.526455E+00  1.610428E-02
      1628  9.260751E-02 -3.319086E-03 -7.249249E-02
      1629  4.753827E-02 -4.961162E-03  1.609338E-02
      1797 -9.666081E-01 -1.592941E+00 -4.454590E-01
      1798 -1.719073E+00 -2.841403E+00 -1.094471E-01
      1799 -1.654302E+00 -4.276332E+00 -4.352692E-01
      1800  1.678193E+00 -1.250737E+00  1.539173E-01
      1801  2.160262E+00 -2.515680E+00 -8.783570E-02
      1802  1.513460E+00 -7.961069E-01  8.595070E-01
      1810 -9.285741E-01 -4.706185E+00  4.960734E-01
      1819  1.025399E+00 -1.435360E+00 -2.139809E-01
      1820  5.157055E-01 -2.787196E-01 -3.461545E-01
      1821  1.443067E+00 -1.431879E+00 -8.743730E-02
      1830  1.073465E+00  7.452454E+00  1.128117E+00
      1831  6.205974E-01  8.265521E+00  9.006302E-01
      1832 -1.497415E-01  3.766539E+00  9.427911E-01
      1833 -4.373038E-01  7.366195E+00  9.332804E-01
      1861 -2.090638E-01  1.016710E+00  3.403426E-01
      1862  1.346687E+00 -1.849790E+00 -2.547865E-01
      1863  1.101417E+00 -1.332018E+00 -2.059775E-01
      1873  0.000000E+00  0.000000E+00  0.000000E+00
      1874  3.110189E-01  9.410043E-02  8.030329E-02
      1875  0.000000E+00  0.000000E+00  0.000000E+00
      1888  4.229012E-03  1.708121E+00  5.683236E-01
      1889 -4.792201E-01  1.498904E+00  9.772219E-01
      1890  3.151204E-01  2.898011E+00  7.737094E-01
      1891  1.109705E+00  3.794750E+00  1.346710E+00
      1892  1.093757E+00  3.791397E+00 -4.052065E-01
      1893  4.110604E-01  2.287195E+00  8.369016E-01
      1914 -7.766633E-01  1.400242E+00 -9.390795E-02
      1915 -1.616208E+00  2.289259E+00 -6.548582E-03
      1916 -1.453944E+00  1.772190E+00  5.757244E-02
      1948 -1.077485E-01  1.524449E-01 -2.141087E+00
      1949  1.821621E+00  2.136402E+01  3.371207E+00
      1950  1.449919E+00  2.249269E+01  4.082732E+00
      1967  1.975418E+00 -1.991735E+01  7.995161E+00
      1968 -2.171284E+00 -1.608462E+01  3.368071E+00
      1969  2.152964E-01 -4.454152E+00  9.736151E-01
      1970  9.635892E-04  4.908248E-03 -7.898044E-03
      1971 -5.737114E-01 -3.414031E+00  1.346626E+00
      1976  1.650210E-01 -3.377845E+00  5.276704E-01
      1977 -1.548813E-01 -1.571247E+00  1.717375E+00
      1981  3.349228E+00 -2.700125E+01  4.391422E+00
      1982  9.151405E-01 -9.455284E+00  1.432239E+00
      2064 -1.146850E-01  3.219471E+00  1.005169E+00
      2065  4.159707E-01  3.842727E+00  1.650020E+00
      2077  4.566170E+00  6.963218E+00  1.093835E+00
      2078  3.877926E+00  7.184306E+00  2.780772E-01
      2440 -2.880280E-01 -1.034219E+00 -7.478860E-01
      2441 -5.800331E-01 -7.444656E-01 -5.039237E-01
      2442 -4.645122E-01 -6.388973E-01 -8.494017E-01
      2444  1.070441E+00  1.370664E+00 -3.490206E-02
      2445  1.964729E+00  6.952350E+00 -2.172579E+00
      2446  1.079496E+00  7.688504E-01 -6.407881E-01
      2447  3.253510E+00  1.003898E+01 -1.953961E+00
      2448  3.610573E+00  9.235096E+00 -1.146124E+00
      2449  0.000000E+00  0.000000E+00  0.000000E+00
      2450  1.076305E+00  1.175380E+00 -4.855036E-02
      2451 -2.296637E-01 -1.379988E+00 -2.556922E-02
      2452  1.503252E+00  1.309602E+00  5.615087E-01
      2453  3.386480E+00  2.504249E+00  2.582844E+00
      2454  1.082303E+00  1.664637E+00  5.728794E-02
      2455  3.607486E+00  8.534283E+00 -8.615228E-01
      2456  1.148605E+00  1.444468E+00 -2.197153E-01
      2457  1.843398E+00  2.401928E+00 -8.800610E-01
      2458  4.955827E-01  9.601931E-01 -7.156182E-01
      2459  1.193619E+00  1.527505E+00 -7.229236E-01
      2460  8.139649E-01  1.418467E+00 -5.060351E-01
      2461  7.282876E-01  7.175812E-01 -1.147048E+00
      2462  6.671513E-01  1.000291E+00 -8.114011E-01
      2463 -4.384028E-01 -5.528933E-01 -5.877165E-01
      2464 -1.865075E-01  1.205001E-01 -6.871625E-01
      2465 -7.971085E-02 -2.699021E-01  2.234347E-02
      2466  0.000000E+00  0.000000E+00  0.000000E+00
      2467  6.496842E-01  1.279945E+00  1.857484E-01
      2468  7.248335E-01  5.262271E-01  2.002037E-01
      2469  5.948111E-01  1.515566E+00 -1.144021E+00
      2470  6.368665E-01  1.005690E-01 -2.057723E-01
      2471 -5.398378E-01 -7.833482E-01 -8.746864E-01
      2481 -1.894623E+00 -4.085854E+00 -2.577406E+00
      2482 -1.927854E+00 -5.617410E+00 -1.107800E+00
      2483 -1.105766E+00 -6.276325E-01 -7.537629E-01
      3068 -4.110694E-01  3.200423E-01  1.746272E-01
      3069 -5.578414E-01 -1.029221E+00 -3.699887E-01
      3070 -8.504195E-01 -9.479465E-01 -4.862654E-01
      3071  0.000000E+00  0.000000E+00  0.000000E+00
      3072  0.000000E+00  0.000000E+00  0.000000E+00
      3073 -1.290711E-01  6.312858E-01 -8.381903E-01
      3074  5.021376E-01  5.330125E-01 -5.280867E-01
      3075  3.669213E-01  1.455757E+00 -8.202624E-01
      3076 -5.110882E-01 -1.208245E+00 -1.922610E+00
      3077  6.995549E-01 -1.285649E+00  9.865507E-01
      3078  3.176726E-01  1.376532E+00  3.195568E-01
      3079  1.663696E+00  4.339303E+00 -9.261718E-01
      3080  1.351019E+00  1.224328E+00  5.941274E-02
      3177 -2.733227E-01  5.446120E-01 -9.466342E-01
      3178 -5.730463E-01  1.774382E+00 -2.162985E+00
      3179 -4.889176E-01  7.547658E-01 -5.291399E-01
      3180 -4.067293E-01  5.027801E-01 -5.330552E-01
      3181 -8.666924E-01  3.861993E-01  5.044352E-01
      3182 -1.146500E+00  7.975166E-01  1.085670E-01
      3410 -6.575164E-01  2.003922E+00  5.975757E-01
      3465 -6.716362E-01  5.396551E+00  2.285270E+00
      3466  2.183972E+00  6.468209E+00  2.715347E+00
      3468  9.894886E+00  1.662996E+01  4.994939E+00
      3470  3.361185E-01  1.880810E+00 -2.218762E-01
      3472 -1.360617E-01  1.698231E+00  4.867400E-01
      3484 -2.000593E-01  7.795642E+00  1.433071E+00
      3487 -3.938774E-01  1.720639E-01  3.258547E-02
      3531  4.476118E+00  1.633332E+01  3.880273E+00
      3546 -2.299492E+00  7.007810E+00 -8.439102E-01
      3547 -4.084705E+00  9.477690E+00 -2.699972E+00
      3548 -6.839129E+00  8.444957E+00  4.072446E-01
      3551 -4.477769E+00  8.697102E+00  7.599457E-02
      3553 -8.929458E-01  1.985864E+00 -2.679361E-01
      3554 -1.256499E+00  2.339144E+00 -4.241846E-01
      3555 -5.234799E-01  7.937943E-01 -2.451762E-01
      3565 -3.890385E+00  2.781534E+00  2.566285E+00
      3568 -4.116651E+00  7.948895E+00 -1.328625E+00
      3584 -1.925077E-01  5.606916E-01 -1.019303E+00
      3585 -1.785032E-01  4.645270E-02 -9.949895E-01
      3599 -1.283809E+00  1.383201E+00 -3.760537E-01
      3600 -2.315948E+00  5.946570E+00 -9.408159E-01
      3601 -8.063329E-01  1.126908E+00 -1.978542E-02
      3602 -5.799607E-01 -1.275041E-01 -8.677272E-01
      3603 -1.655442E+00  1.979110E+00 -6.792099E-01
      3604  0.000000E+00  0.000000E+00  0.000000E+00
      3605  4.047439E-01 -7.206657E-01  2.295069E-01
      3606  9.654810E-01 -3.537393E-01  5.674026E-02
      3607  6.392393E-01 -5.565104E-01 -5.389896E-01
      3608  2.415636E-01  1.429775E-02 -4.967618E-01
      3609  3.015341E-01 -6.796126E-01 -6.105429E-01
      3610  3.252115E-01  6.751841E-01 -6.831912E-01
      3611  2.078873E-01 -3.807598E-01 -8.868409E-01
      3612 -6.782296E-02  3.026640E-01 -1.046771E+00
      3613 -6.864957E-01  6.775687E-01 -5.211639E-01
      3614  2.574395E-01  5.037443E+00  6.811290E-01
      3615  3.099781E-01  2.212257E+00  8.548120E-01
      3616 -1.021608E+00  1.351775E+00 -3.358101E-01
      3617 -1.018285E+00  1.675995E+00 -4.397424E-01
      3618 -1.765756E+00  2.084447E+00 -2.404041E-01
      3619 -1.398954E+00  1.722422E+00 -2.803616E-01
      3620 -4.796775E+00  5.563225E+00  4.113853E-01
      3621  0.000000E+00  0.000000E+00  0.000000E+00
      3622 -5.857964E-01  1.212051E+00  4.839109E-01
      3623  0.000000E+00  0.000000E+00  0.000000E+00
      3624  9.930517E-01 -6.256644E-01 -8.430338E-01
      3625  1.442647E+00  7.958598E-02  1.114823E+00
      3626  3.974174E-01 -4.070410E-01 -1.794395E-01
      3627  8.601653E-01 -1.533612E+00 -7.579606E-01
      3629 -2.967568E+00 -1.618624E+01  3.969944E+00
      3630 -4.058359E+00 -2.086080E+01  6.638145E+00
      3631  4.666583E+00 -2.952462E+01  6.353859E+00
      3632  8.573447E-01 -4.625971E+00  2.116911E+00
      3633  9.567928E-01 -1.999956E+00  1.552075E+00
      3638  5.140052E-01 -1.852223E+00  1.561403E+00
      3639  0.000000E+00  0.000000E+00  0.000000E+00
      3640  7.401278E-02 -4.421766E-01 -1.905541E-01
      3648 -7.882623E-01 -3.982657E+00  1.806659E+00
      3649 -6.087968E-01 -2.408680E+00  2.134608E+00
      3656 -5.657449E-01 -4.043433E+00  2.914503E+00
      3657  2.729740E-01 -5.227429E+00  2.360458E+00
      3658 -6.228358E-02 -3.804778E+00  1.142380E+00
      3659 -1.020035E+00 -3.742508E+00  1.229897E+00
      3660 -2.219338E-01 -4.404509E+00  1.520264E+00
      3661  0.000000E+00  0.000000E+00  0.000000E+00
      3662  4.978708E-02 -1.074403E+00 -6.159446E-02
      3663 -4.969957E-01 -1.797377E+00  9.811458E-01
      3664 -1.112308E-01 -3.883141E+00  9.153616E-01
      3665 -2.097062E-01 -1.963751E+00  7.356702E-01
      3666  5.450351E-01 -6.636186E+00  1.060282E-01
      3669 -5.003251E-01 -2.196429E+00  1.227191E+00
      3670 -4.171351E-01 -2.415169E+00  9.946481E-01
      3671 -1.587027E-01 -1.161586E+00  4.436361E-01
      3672 -6.292705E-02 -6.116748E+00  6.432505E-01
      3675 -2.112955E-01 -3.322108E+00  1.701287E+00
      3694 -1.216725E+00 -1.351029E+00 -4.440639E-02
      3695 -8.259791E-01 -1.241819E+00 -2.425518E-01
      3696 -1.008398E+00 -1.202000E+00 -6.818555E-02
      3701  1.399308E+00 -3.044041E+00 -1.156621E+00
      3705  1.880581E-01 -1.098923E+00 -3.960848E-01
      3706  8.000978E-01 -1.463805E+00 -6.322937E-01
      3707  9.468542E-01 -1.340917E+00 -8.437797E-01
      3708 -1.436597E+00  2.780161E+00 -1.167498E+00
      3709 -1.286240E+00  1.640855E+00 -4.013089E-01
      3719 -9.842073E-01 -2.141036E+00  7.241193E-02
      3720 -1.426417E+00 -4.190911E+00  9.456766E-02
      3724 -1.170552E+00 -1.564961E+00 -3.946970E-01
      3725  0.000000E+00  0.000000E+00  0.000000E+00
      3726  0.000000E+00  0.000000E+00  0.000000E+00
      3727 -1.309196E+00 -1.234454E+00  1.612632E-01
      3766  2.027647E+00  2.007191E+01  4.696382E+00
      3767  1.227994E+00  1.366137E+01  2.684651E+00
      3768  7.311150E-01  3.315163E+00  1.357347E+00
      3769 -1.493048E-01  2.268070E+00  1.405188E+00
      3770  3.165848E-01  1.045910E+00  6.962656E-01
      3771  3.894529E-01  1.013413E+00  7.462792E-01
      3772  7.536783E-02  1.329650E+00  6.518818E-01
      3773  3.086202E-01  1.109144E+00  3.875325E-01
      3774  3.133329E-01  1.666622E+00  5.595054E-01
      3775  4.161798E-01  2.318040E+00  3.908228E-01
      3776  4.864432E-01  7.568660E+00  1.567956E+00
      3777  4.336747E-01  2.630957E+00  7.971875E-01
      3778  6.782409E-01  6.448603E+00  9.489427E-02
      3779  2.337041E-01  1.436569E+00  2.562568E-01
      3780  1.064196E-01  6.182687E+00 -1.436179E-01
      3808  4.428629E-01  1.858078E+00  1.362967E+00
      3809  2.215989E-01  7.529570E-01  4.042712E-01
      3830  6.490078E+00 -1.918203E+01  5.447210E+00
      3831  2.938655E+00 -8.926280E+00  2.248864E+00
      3832  9.083062E-01 -2.789117E+00  1.476328E+00
      3845  0.000000E+00  0.000000E+00  0.000000E+00
      3846  0.000000E+00  0.000000E+00  0.000000E+00
      3847  0.000000E+00  0.000000E+00  0.000000E+00
      3848 -1.052498E+00  2.292574E+00  9.225621E-01
      3849  4.683734E-01 -1.285739E+00  5.457919E-01
      3850 -7.735912E-01  1.345260E+00  3.543605E-01
      3876 -6.830613E-01  1.037923E+00 -8.818820E-01
      3877 -1.349416E+00  2.705916E+00 -2.061947E+00
      3878 -7.809593E-01  1.453328E+00 -4.794311E-01
      3883  2.090570E-01 -4.047875E-01 -1.057415E+00
      3884  3.315610E-01 -3.648477E-01 -2.482748E+00
      3888 -1.671397E-02 -9.666994E+00  1.516889E+00
      3917 -4.981314E-01  3.241881E+00  9.128063E-01
      3918 -7.014257E-01  4.276374E+00  1.118975E+00
      3919  3.140728E-01  1.159028E+00  9.774776E-01
      3923  1.726289E+00  2.040601E+00 -3.497050E-01
      3924  1.372371E+00  1.913183E+00 -3.886910E-01
      3932 -4.153453E-01  2.786839E+00  1.393811E+00
      3933 -2.301868E-01  9.907064E-01  5.403126E-01
      3934 -4.129496E-01  5.048643E-02  6.046903E-01
      3969 -2.695727E-01  2.273870E+00  4.602278E-01
      3970 -6.479140E-01  4.663621E+00  6.401633E-01
      3973  5.261646E-01  1.982299E+00  9.940039E-01
      3974 -8.210397E-01  4.254036E+00  1.995660E+00
      3975  5.134503E-02  2.643066E+00  1.075428E+00
      3977 -2.987415E+00  9.241360E+00  1.433027E+00
      3978  7.303559E-01  2.661789E+01  6.190183E+00
      3979  4.645902E-01  1.793721E+00  1.135975E+00
      3980 -2.319600E-02  4.225831E+00  1.312036E+00
      3981  4.426430E-02  3.226122E+00  9.960723E-01
      3982 -8.294907E-01  4.233723E+00 -8.438513E-02
      3983  4.320432E-01  4.275626E+00  1.122712E+00
      3993 -9.634876E-03  4.397804E+00  5.455683E-01
      4046 -2.917956E-02 -8.966642E-01 -6.633882E-01
      4047  3.102734E-01  7.554542E-01 -2.465171E+00
      4057  1.125804E+00  1.950711E+00 -5.165147E-01
      4058  1.659128E+00  3.455015E+00 -2.219895E-01
      4063  1.745714E+00  3.161084E+00 -1.148956E+00
      5160  1.989704E-01 -6.037980E-01 -7.628785E-01
      5161 -3.741795E-02 -1.770642E-01 -3.148345E-01
      5162 -1.082629E-01 -1.106877E-01 -9.286482E-01
      5163 -8.850446E-01 -2.180160E+00 -8.286492E-01
      5164 -8.054182E-01 -1.870855E+00 -1.537470E+00
      5167  1.757434E+00  3.544740E+00 -2.968117E-01
      5170  1.562266E+00  3.156873E+00 -5.373678E-03
      5483 -2.463251E+00  2.030080E+01  1.705779E+00
      5484 -7.994361E-02  6.053176E+00  8.689704E-01
      5485  2.925405E-01  2.462287E+00  8.903151E-01
      5486 -1.076788E+00  4.886559E+00 -5.847790E-01
      5487 -3.311615E-01  2.874658E+00  5.153891E-01
      5488 -3.055021E-01  9.483900E-01  4.214043E-01
      5493  3.545878E-01  5.187955E-01 -2.227674E-01
      5503  2.848230E+00 -1.030395E+01  1.916242E+00
      5509 -5.951958E-01 -2.069052E+00  3.729054E+00
      5524  1.260330E-01  1.178436E+00  7.866328E-01
      5525 -1.713640E-01  7.308953E-01  1.045987E+00
      5612  4.874323E+00  1.309545E+01  3.855478E+00
      5615 -1.769296E-01 -1.773993E-01 -2.857827E-01
      5616  0.000000E+00  0.000000E+00  0.000000E+00
      5620 -1.140802E+00  5.415931E+00  2.296992E+00
      5621 -3.418783E+00  2.252146E+01  5.292645E+00
      5622 -9.979030E-01  1.720157E+01  3.574926E+00
      5623 -2.196472E+00  1.167775E+01  1.956153E+00
      5635 -2.233358E+00  5.264801E+00 -3.411185E-02
      5636 -2.193596E+00  5.430770E+00 -1.319178E+00
      5638 -1.899180E+00  4.293546E+00  2.091997E-02
      5701  3.941660E+00  7.541567E+00  1.213020E-01
      5702  1.557254E+00  2.799814E+00 -5.672966E-01
      5776  1.601441E-01  6.340306E-01 -4.241798E-01
      5777  6.595709E-01  3.589365E+00 -3.345187E+00
      5778 -2.566561E-02  2.780034E+00  3.965573E-01
      6003  1.457225E+00 -3.370517E+00 -3.048894E-01
      6004  1.726148E+00 -3.213212E+00 -4.415608E-01
      6039  6.578486E-02  4.916787E-02 -2.407318E-03
      6048 -2.422187E+00 -3.025271E+00  5.342326E-01
      6075 -1.818353E-01  1.875257E+00  6.421850E-01
      6076  0.000000E+00  0.000000E+00  0.000000E+00
      6157  1.723540E-01 -2.890582E+00  7.711723E-01
      6158 -1.216564E-01 -2.943087E+00  1.471187E+00
      6160 -5.591848E+00 -1.161459E+01  3.993914E+00
      6161 -1.068811E+00 -7.800473E+00  3.253793E+00
      6162 -1.681391E-01 -2.303843E+00  2.543200E+00
      6163 -2.972909E-01 -1.782843E+00  1.442561E+00
      6165 -8.759617E-01 -7.113616E+00  1.581327E+00
      6176  9.678084E-01 -9.031118E+00  2.995027E+00
      6181 -3.275987E+00 -1.131798E+00  8.912114E-01
      6182 -5.932937E-02 -1.353782E+00  5.925965E-01
      6192  1.056390E+00 -3.772949E+00  5.675187E-01
      6194 -6.106841E-03 -1.648421E+00  9.708582E-01
      6195  4.057382E-01 -3.467839E+00  8.289318E-01
      6196  3.864288E-01 -2.090879E+00  6.349155E-01
      6199 -1.102454E-01 -2.797074E+00 -2.820040E-01
      6200  3.298486E-01 -2.727827E+00  4.866222E-01
      6202  1.071873E+00 -8.105775E+00  1.507034E+00
      6239 -2.406251E-01  2.283796E-01 -2.376190E-02
      6240 -1.117030E+00 -1.880453E+00  1.230299E+00
      6241 -2.493744E-01 -1.931076E+00  7.376056E-01
      6245 -3.347620E-01 -4.315630E+00  9.520430E-01
      6246  9.928461E-01 -6.113281E+00  8.424793E-01
      6254  4.195230E-01 -2.382050E+00  1.111577E+00
      6255  2.585452E-01 -1.774971E+00  1.088280E+00
      6256  7.546777E-02 -1.174498E+00  6.091645E-01
      6257  1.725638E-01 -3.296448E+00  1.683613E+00
      6258  5.056932E-01 -1.098140E+00  1.086006E+00
      6259  1.873183E-01 -3.102003E+00  1.015049E+00
      6260  5.389555E+00 -1.052130E+01  3.027980E+00
      6261  9.827244E-01 -2.530667E+00  1.884668E+00
      6377  1.197101E+00  3.923924E+00 -1.718639E+00
      6378  1.526303E+00  4.081283E+00 -1.417942E+00
      6379  3.273728E-01  1.041624E+00 -4.588449E-01
      6400 -3.069317E+00  8.156620E+00 -3.160931E-01
      6401  0.000000E+00  0.000000E+00  0.000000E+00
      6402 -3.417002E-01  4.792478E-01  3.463236E-01
      6403  8.078683E-02 -1.149792E-01 -3.174779E-02
      6404  2.649798E+00 -6.569674E+00 -2.532410E+00
      6405  2.838271E+00 -1.491701E+01 -1.129781E+00
      6407  1.078207E+00  4.712488E-01  1.573889E+00
      6420 -1.351172E+00 -1.894938E-01 -3.376968E-02
      6421 -3.376727E+00 -6.717241E+00 -1.341977E+00
      6422 -2.513217E+00 -9.244324E+00 -3.061958E+00
      6423 -1.281617E+00 -8.194319E-01  4.742010E-01
      6428 -1.099282E+00  1.161822E+00 -1.627602E-01
      6433 -7.389850E-01 -1.308424E+00  4.707668E-01
      6435  1.541245E+00  1.805304E+00 -4.110782E-01
      6436 -6.894923E-01 -9.714476E-01 -2.632697E-01
      6437  3.017771E-01  7.451758E-01  4.926141E-01
      6438  0.000000E+00  0.000000E+00  0.000000E+00
      6439 -5.367631E-01 -9.844761E-01 -7.924311E-01
      6721 -1.199349E-01 -2.488513E+00  1.515814E+00
      6744 -1.386031E+00 -5.043459E+00  2.357341E-01
      6745  0.000000E+00  0.000000E+00  0.000000E+00
      6749  3.188807E-01 -4.332140E+00  1.189820E+00
      6788 -8.007392E-01 -3.026363E+00 -1.833097E-01
      6789 -5.076429E-02 -3.132949E-01 -7.237324E-01
      6790 -4.289685E-03 -7.346048E-01  6.064368E-01
      6791  1.745034E-01 -2.535983E+00  1.272714E+00
      6792  6.508678E-01 -3.530246E+00  7.830891E-01
      6793 -4.094437E-01 -9.522397E+00  2.488000E+00
      6795 -6.289207E+00 -2.416368E+01  4.435407E+00
      6798 -2.396282E+00 -8.045000E+00  1.834789E+00
      6799  1.003322E-01 -3.318780E+00  1.087131E+00
      6800  1.452880E+00 -1.058083E+01  1.838779E+00
      6801  3.200667E-02 -1.991271E+00  9.238551E-01
      6803  3.026980E-01 -7.552467E+00  2.187221E-01
      6804 -3.348067E-01 -6.910657E+00  7.057281E-01
      6819  7.955332E-01 -4.666868E+00  5.939096E-01
      6825  4.678094E-03 -3.116892E+00  1.028020E+00
      6827 -6.238183E-01 -8.533793E-01 -3.029152E-01
      6828 -6.490930E-01 -1.718256E+00 -2.368949E-01
      6830 -6.836537E-01  3.073281E+00  4.639958E-01
      6841  1.396355E-01 -7.143747E-02 -1.764065E-01
      6842  1.856218E+00 -6.178687E+00 -2.565252E+00
      6865 -1.329291E+00  3.649161E+00 -1.215738E+00
      6866 -2.357553E+00  7.680928E+00 -3.487507E+00
      6880  1.337028E+00 -1.044822E+00  6.815822E-02
      6881 -7.324861E-01  2.166935E+00 -7.214674E-01
      6882 -1.834043E-01 -5.092774E-01 -1.098419E+00
      6883  3.095978E-01  1.260782E+00 -9.793176E-01
      6884 -3.109394E-01 -1.300900E+00 -2.388737E+00
      6916  2.931188E-01 -5.767873E-01  1.719788E-01
      6917  9.170438E-01 -3.282812E-01 -4.172983E-01
      6918 -4.473019E-01 -8.722944E-01 -1.550165E+00
      6930  0.000000E+00  0.000000E+00  0.000000E+00
      6940  2.796242E+00 -4.273284E+00 -7.700562E-01
      6941  6.987945E-01 -4.609396E-01 -1.936855E-01
      6944 -2.281119E+00 -3.736380E+00 -6.722054E-01
      6945 -8.531501E-01 -1.318713E-01 -4.888140E-01
      6946 -2.924275E+00 -5.794069E+00 -9.928542E-01
      6965  6.416680E+00 -7.368629E+00  2.139757E+00
      6988 -1.425759E+00  2.411040E-01  9.767228E-02
      6993  0.000000E+00  0.000000E+00  0.000000E+00
      6994  0.000000E+00  0.000000E+00  0.000000E+00
      6999 -4.159691E-01 -3.096079E-01 -1.227666E-01
      7025  1.598498E+00  3.230977E+00 -1.957726E+00
      7145  3.932328E-02 -5.559359E-02 -7.913865E-01
      7155  2.984967E-02 -8.421660E-02 -1.313522E+00
      7183 -1.465938E-01 -4.255804E-01 -4.549180E-01
      7184 -3.744070E-01 -6.006025E-01 -3.951020E-01
      7185  3.667797E-01  3.635398E-01 -2.248356E-01
      7186 -6.313139E-01 -1.820759E+00  6.677645E-01
      7250  1.017461E+00 -5.380223E+00 -2.083357E+00
      7251  5.625157E+00 -6.034309E+00 -9.954344E-01
      7256 -1.436132E+00 -3.240074E+00 -4.559235E+00
      7265 -3.897092E-01 -2.266389E+00  7.826009E-01
      7266 -7.556275E-01 -1.597263E+00  1.993257E-01
      7267 -4.109026E-01 -4.329803E+00 -1.447315E-01
      7268 -3.601210E-02 -1.431927E+00  2.108317E-01
      7269  0.000000E+00  0.000000E+00  0.000000E+00
      7282  5.530777E-01 -1.252217E+00  1.148376E+00
      7288 -3.181862E-01 -3.864552E-01 -2.094927E-01
      7953 -1.935436E-01  2.085066E+00 -3.333210E-01
      7974  3.344394E+00  5.979280E+00 -4.453141E-01
      7975  1.867166E+00  2.105800E+00  5.000232E-01
      7983  2.403033E-01 -4.398838E-01 -5.067037E-01
      7984  3.819875E-03 -3.808380E-01 -1.043243E+00
      7985  4.349405E-01 -1.075147E+00  5.433190E-01
      7993 -3.747754E+00 -6.313213E+00  1.279904E+00
      7996 -1.023978E+00 -7.531650E-01  2.613401E-01
      7997 -1.840604E+00 -1.598341E+00  8.355730E-02
      8063 -3.692720E+00 -7.032647E+00  1.091442E-01
      8072  1.085075E+00  1.230122E+00 -3.901364E-01
      8073  8.807424E-01 -3.021281E+00 -1.559024E+00
      8078  9.452999E-01 -2.073211E+00  9.463689E-01
      8079 -2.992525E-01 -3.717124E+00  9.998297E-01
      8092  6.759941E-01 -4.644455E+00  2.448930E+00
      8099 -7.553331E-01 -2.228976E-01  1.822130E-01
      8236  4.993753E-01  4.047614E+00  1.868990E-01
      8237 -1.332043E+00  3.787057E+00  5.777011E-01
      8731  1.095710E+00  3.503675E+00 -5.238062E+00
      8897 -1.604226E+00  4.381635E+00 -4.863245E-02
      8927  9.736034E-01  2.751617E+01  6.549389E+00
      8928 -1.067247E-01  2.804485E+00  1.183306E+00
      9013 -2.600268E-01  2.615730E+00  4.105794E-01
      9014 -6.824941E-01  2.102440E+00  7.135949E-01
      9015 -2.842570E-01  3.107416E+00  1.259671E+00
      9017 -2.540115E-01  3.463520E+00  1.189836E+00
      9018  7.809744E-02  1.979055E+00  7.981524E-01
      9019 -1.121897E+00  4.718034E+00  6.559139E-01
      9041 -6.845600E+00  1.331252E+01  4.334843E+00
      9043 -3.585602E+00  1.279070E+01  4.936891E+00
      9081 -4.298491E-02  6.091096E+00  9.250379E-01
      9127 -3.095575E-01  2.759502E+00  1.049957E+00
      9128 -1.259936E+00  1.135991E+01  1.587055E+00
      9138 -9.942403E-01 -3.720875E-01 -4.882541E-01
      9139  0.000000E+00  0.000000E+00  0.000000E+00
      9140  0.000000E+00  0.000000E+00  0.000000E+00
      9141 -3.669903E-01 -3.610490E+00  1.028886E+00
      9146  2.437751E-01 -1.047761E-01 -3.092091E-01
      9172 -1.469940E-01  4.505541E+00  5.039297E-01
      9199  2.203221E+00  5.241428E+00 -1.416580E+00
      9205  3.115361E-03 -1.566646E-01 -1.548520E-01
      9215 -7.288823E-01  3.649767E+00  9.335233E-03
      9278  6.351476E-03  1.027620E-02 -1.551716E-02
      9279  0.000000E+00  0.000000E+00  0.000000E+00
      9280  6.967601E-01  2.057020E+00 -1.745869E-01
      9309  1.654648E+00 -4.406481E+00 -2.129596E-01
      9333 -8.989208E-02  7.597867E+00  3.503511E-01
      9337  5.493987E-01 -1.709489E+00 -6.092474E-01
      9338  6.400971E-01 -4.399113E+00  1.761588E+00
      9417  6.571087E-01  3.472453E-02 -3.330743E-01
      9418 -2.279635E-02 -2.803797E-02 -1.500799E-02
      9419  0.000000E+00  0.000000E+00  0.000000E+00
      9420  0.000000E+00  0.000000E+00  0.000000E+00
      9422 -5.239553E-01  1.874419E+00  1.026776E+00
      9437  8.477746E-01 -3.673332E+00 -7.558172E-01
      9453 -2.344586E+00 -3.652625E+00  6.449299E-01
      9454  0.000000E+00  0.000000E+00  0.000000E+00
      9455 -5.671036E-01 -6.671145E+00 -8.635912E-01
      9460  9.154288E-01 -8.443551E+00 -1.971323E+00
      9461  5.068956E+00 -5.412109E+00  1.414853E+00
      9462  6.225563E-01 -5.679813E-01 -1.303679E-01
      9463  3.316744E-01 -2.248131E+00 -7.051528E-01
      9464  4.073478E-01 -2.419543E+00 -4.401147E-01
      9485  2.349576E-01  5.274888E-01  2.803367E-01
      9486  0.000000E+00  0.000000E+00  0.000000E+00
      9487  3.494138E-01 -1.770652E-01 -6.353580E-01
      9488  0.000000E+00  0.000000E+00  0.000000E+00
      9489  1.315571E+00 -5.060876E+00  5.085978E-01
      9490  9.198334E-02 -9.701129E-02 -1.517022E-01
      9491  2.963408E-01 -9.476706E-01  1.679824E-01
      9495  6.615295E-01 -1.721857E+00  8.296261E-02
      9534  0.000000E+00  0.000000E+00  0.000000E+00
      9638  2.004354E-01 -2.114284E-01  8.952313E-02
      9661  0.000000E+00  0.000000E+00  0.000000E+00
      9662  4.107591E-01  1.756550E-01  1.283562E-01
      9663 -1.815069E+00 -3.555289E+00 -2.435446E+00
      9666 -7.754007E-01 -3.225719E+00 -2.948642E-01
      9667 -7.454997E-01 -1.809021E+00 -7.236938E-01
      9669 -8.751472E-01 -3.079687E-01 -5.052005E-01
      9670 -5.039155E-01 -3.601985E+00 -1.033212E-01
      9671 -6.353895E-01 -1.335828E+00 -5.644944E-01
      9736  1.811874E-01  1.355065E+01  1.593791E+00
      9743 -2.465931E-01 -1.696413E-01 -1.775523E-01
      9780 -8.722889E-01 -3.213804E+00  4.154272E-01
      9793  0.000000E+00  0.000000E+00  0.000000E+00
     10048 -9.078320E-01 -2.093354E+00  1.280421E+00
     10073 -6.593646E-02 -1.460497E-01 -1.327711E+00
     10100  4.124256E-01 -2.382210E+00  1.418289E-03
     10161 -9.446883E-01 -2.838833E+00  5.350521E-01
     10162 -1.502427E-01 -1.123054E+00  6.772740E-01
     10169  2.155519E+00  9.732887E+00  2.246986E+00
     10194 -6.642862E-02  1.813065E+00 -2.965118E+00
     10228 -1.212266E-01 -1.184885E+01  4.036498E+00
     10231  7.528045E-01 -4.989766E-01 -1.988602E-01
     10260  0.000000E+00  0.000000E+00  0.000000E+00
     10454  3.163310E+00 -5.659938E+00 -9.259194E-01
     10461  0.000000E+00  0.000000E+00  0.000000E+00
     10514 -8.511664E-01 -1.560075E+00  7.681979E-02
     10515 -3.814949E-01 -7.217033E-01 -2.352061E-01
     10521 -2.708347E-01  4.081312E-01 -3.875642E+00
     10524  0.000000E+00  0.000000E+00  0.000000E+00
     10606  6.975209E-01 -1.146887E+00 -1.862778E+00
     10609  6.683109E-01 -4.212211E+00 -3.942336E+00
     10628 -1.144588E+00 -1.493585E+00  9.213967E-01
     10656 -7.475720E-01 -1.476056E+00  1.640138E+00
     10660 -1.153493E+00 -8.343600E-01  1.099454E+00
     13435  3.036573E-01  8.429708E-01 -4.926089E-01
     13436  3.862681E-01  7.816461E-01 -3.405513E-01
     13437 -7.946259E-01 -1.200081E+00  4.465148E-01
     13438  3.430688E-01  4.457921E-01 -9.810351E-02
     13439 -6.893798E-01 -1.222817E+00 -2.131388E-01
     13440 -7.980817E-01 -1.490240E+00 -2.983953E-01
     13473 -5.386513E-01 -1.266538E+00  1.115252E-02
     13542  1.323471E-01 -1.871791E-01  2.501300E-02
     13543 -1.319292E-01  2.591188E-02 -1.694203E-02
     13546  1.120205E-01 -1.232167E-01 -1.767417E-02
     13547  0.000000E+00  0.000000E+00  0.000000E+00
     13563  5.887275E-01  9.922268E-01  2.051379E-02
     13570 -1.923777E-02  6.260675E-02 -1.690876E-01
     13571  6.338330E-02 -3.295996E-02 -5.822056E-02
     13573 -1.934314E-01  7.590241E-02  2.084485E-02
     13574  0.000000E+00  0.000000E+00  0.000000E+00
     13575  0.000000E+00  0.000000E+00  0.000000E+00
     13576  0.000000E+00  0.000000E+00  0.000000E+00
     13577  0.000000E+00  0.000000E+00  0.000000E+00
     13578  0.000000E+00  0.000000E+00  0.000000E+00
     13579 -1.168542E+00 -2.140808E+00 -4.377773E-01
     13588 -4.055346E-01 -8.268230E-01  1.106442E-01
     13590 -7.441785E-01 -1.546388E+00 -7.120530E-01
     13600 -3.850446E-02 -2.413740E-01 -5.031560E-01
     13601  1.049996E-01 -2.955564E-01 -4.115870E-01
     13602  0.000000E+00  0.000000E+00  0.000000E+00
     13603 -1.361341E-02 -3.262028E-01 -2.016009E-01
     13607  0.000000E+00  0.000000E+00  0.000000E+00
     13630  0.000000E+00  0.000000E+00  0.000000E+00
     13631 -1.216330E-01 -3.868638E-01  2.943828E-02
     13678  0.000000E+00  0.000000E+00  0.000000E+00
     13684  0.000000E+00  0.000000E+00  0.000000E+00
     13685 -3.417844E-01  9.279915E-01  4.378413E-01
     13697  0.000000E+00  0.000000E+00  0.000000E+00
     13698  0.000000E+00  0.000000E+00  0.000000E+00
     13699  5.613573E-02  2.563713E-01 -3.728657E-03
     13700  0.000000E+00  0.000000E+00  0.000000E+00
     13737 -1.845957E+00  2.241015E+00 -3.742721E-01
     13739  0.000000E+00  0.000000E+00  0.000000E+00
     13771  0.000000E+00  0.000000E+00  0.000000E+00
     13772 -1.589724E-01  7.961875E-02  1.006883E-01
     13782 -8.694361E-02  1.081392E-01 -5.748728E-02
     14300  0.000000E+00  0.000000E+00  0.000000E+00
     14301  0.000000E+00  0.000000E+00  0.000000E+00
     14307 -3.673060E-01  1.372574E-01 -3.357163E-02
     14362  4.752031E-01 -9.811747E-01  1.992451E-01
     14363  6.911923E-01 -1.548756E+00 -4.896637E-02
     14364  0.000000E+00  0.000000E+00  0.000000E+00
     14365 -1.772613E-01  1.523155E-01  3.184976E-02
     14378  2.447939E+00 -4.421548E+00 -1.799077E+00
     14379  3.423563E-01  1.425549E-01  1.323610E-01
     14380 -9.570459E-01  6.112568E-01  1.273747E-01
     14381  4.705313E-01 -4.230479E-01  8.551303E-03
     14382  2.248759E-01 -6.218056E-03 -2.028402E-01
     14383  2.997244E-01 -5.880675E-01 -2.919503E-01
     14479  3.569225E-01  8.900110E-02  9.977047E-02
     14644  1.236065E-01 -3.774941E-01  2.030325E-01
     14647 -5.665543E-01 -2.145284E+00 -9.747681E-02
     14648 -3.410044E-02 -5.663456E-02  1.716183E-01
     14654  0.000000E+00  0.000000E+00  0.000000E+00
     14694 -2.068989E-02 -7.303982E-02  2.737066E-02
     14702 -4.680499E-02  1.149713E-02  3.099409E-02
     14768  0.000000E+00  0.000000E+00  0.000000E+00
     14781  2.011870E-01 -1.401136E-01 -1.156302E-01
     14782  0.000000E+00  0.000000E+00  0.000000E+00
     14788  0.000000E+00  0.000000E+00  0.000000E+00
     14789 -2.893878E-03  5.290380E-03  4.145954E-03
     14790  8.754030E-03 -1.526730E-01 -9.419988E-02
     14795 -6.620546E+00 -8.768192E+00  1.517410E+00
     14800 -4.268689E+00 -7.637371E+00  3.960840E+00
     14802 -2.951511E+00 -4.753854E+00  4.044477E-01
     14805 -1.559144E+00 -1.104877E+00  6.020020E-01
     14814  5.786970E-01 -6.665782E-01  2.010338E-02
     14876  6.602130E-01 -1.162156E+00  7.398377E-01
     14877  1.052379E+00 -1.062523E+00  7.930820E-01
     14878  5.373123E-01 -7.799326E-01  1.194259E+00
     14880  3.937494E-02 -4.124898E+00  4.464722E-01
     14882  6.178484E-01 -2.527629E+00  4.355117E-01
     14883  1.132413E+00 -2.982048E+00  8.073509E-02
     14885  1.188505E+00 -1.027576E+00  3.672554E-01
     14886  9.411420E-01 -1.543551E+00  4.491143E-01
     14887  8.612295E-01 -7.884374E-01  2.160225E-01
     14889  3.265646E+00 -4.104291E+00  7.382848E-02
     14907  4.092008E+00 -5.259873E+00  1.308621E+00
     14908  5.482672E+00 -6.715025E+00  1.855868E+00
     14928 -2.875627E-03 -6.756243E-01  1.115636E+00
     14929 -7.597597E-01  2.356808E+00 -1.984858E+00
     14955  3.283299E-01 -3.498857E+00  5.677199E+00
     14959 -4.398164E-01 -9.201954E+00  5.808543E-01
     14968 -2.316136E-02 -1.519247E+01  1.848415E+00
     14981  1.398665E-01 -8.020705E+00  8.004763E-01
     14982 -1.323487E+00 -5.807989E+00  2.176280E+00
     14983  1.943788E+00 -1.073803E+01 -2.656544E+00
     14985 -1.398643E+00 -2.433676E+01  2.351417E+00
     14986  7.541861E-01 -2.975079E+00  2.264909E+00
     14987 -1.562776E-01 -1.596354E+00  7.785302E-01
     14989  0.000000E+00  0.000000E+00  0.000000E+00
     14990  0.000000E+00  0.000000E+00  0.000000E+00
     14991  1.708044E-01 -4.633199E+00  1.367516E+00
     14992  0.000000E+00  0.000000E+00  0.000000E+00
     14993 -2.036313E-01  2.216309E-01  5.871691E-01
     14994  2.598011E-01 -2.042642E+00 -1.762286E-01
     14995  5.364831E-03  1.098831E-03  5.522966E-02
     15668  0.000000E+00  0.000000E+00  0.000000E+00
