
                        S T E P       1


                                INCREMENT     1


 forces (fx,fy,fz) for set NPROX and time  0.1000000E+01

      1292  3.773867E-01  6.296927E-01 -8.319255E-01
      1293  8.042347E-01  2.406534E+00 -1.534740E+00
      1406  6.456800E-01  6.581561E+00  2.406924E+00
      1408 -3.322595E+00  8.457668E+00  3.562181E+00
      1418 -1.729718E+00  2.353934E+00  9.736710E-02
      1419 -1.777944E+00  2.020924E+00 -9.570864E-02
      1420 -4.902368E+00  8.987903E+00  1.824593E-01
      1524 -1.540666E+00  3.666111E+00 -1.244803E+00
      1525 -8.787630E-01  2.010468E+00 -4.426616E-01
      1526 -3.317702E-01  8.079330E-01 -8.109680E-01
      1527 -6.116326E-02  9.632786E-02 -1.717507E-01
      1528 -7.159150E-02  6.868636E-02 -6.843471E-01
      1556  3.912364E-01  7.647906E+00  8.910352E-01
      1557 -3.688349E-02  8.329776E+00  4.263992E-01
      1558  2.431871E-01  2.848903E+00  8.227540E-01
      1559  5.744465E-01  1.298649E+00  8.306991E-01
      1560 -5.689951E-01  4.298723E+00  8.318647E-01
      1561 -1.246854E-01  4.614176E+00  1.993241E+00
      1562  2.365731E+00  8.437769E+00  1.836512E+00
      1566  7.015246E-01  8.258717E+00  7.835389E-01
      1620 -1.184605E+00  3.062489E+00 -2.264968E+00
      1624  1.201826E+00  1.714317E+00  1.119039E-01
      1625  8.813865E-01  2.005480E+00  9.644110E-02
      1626  1.277462E+00  3.392136E+00  1.039676E-02
      1628  8.639481E-02 -5.142231E-03 -6.936782E-02
      1629  4.272122E-02 -6.218226E-03  1.436072E-02
      1797 -9.230831E-01 -1.530433E+00 -4.279230E-01
      1798 -1.641523E+00 -2.718847E+00 -1.009365E-01
      1799 -1.585262E+00 -4.094280E+00 -4.006173E-01
      1800  1.628633E+00 -1.229782E+00  1.470929E-01
      1801  2.097431E+00 -2.441114E+00 -7.749897E-02
      1802  1.461766E+00 -8.038157E-01  8.164867E-01
      1810 -9.069043E-01 -4.514084E+00  5.042907E-01
      1819  9.763473E-01 -1.380147E+00 -2.132321E-01
      1820  4.709762E-01 -2.931581E-01 -3.283583E-01
      1821  1.403664E+00 -1.386319E+00 -1.004688E-01
      1830  1.006084E+00  7.078992E+00  1.070735E+00
      1831  5.845919E-01  7.847813E+00  8.700153E-01
      1832 -1.343517E-01  3.573323E+00  8.988549E-01
      1833 -4.089893E-01  6.989853E+00  9.045684E-01
      1861 -1.908593E-01  9.307227E-01  3.128678E-01
      1862  1.283582E+00 -1.765195E+00 -2.504865E-01
      1863  1.052110E+00 -1.287065E+00 -1.999977E-01
      1873  0.000000E+00  0.000000E+00  0.000000E+00
      1874  2.892812E-01  8.548875E-02  7.345661E-02
      1875  0.000000E+00  0.000000E+00  0.000000E+00
      1888 -1.103325E-02  1.652764E+00  5.491199E-01
      1889 -4.662540E-01  1.369699E+00  9.332802E-01
      1890  2.873442E-01  2.760033E+00  7.428584E-01
      1891  1.017398E+00  3.697688E+00  1.244356E+00
      1892  9.776734E-01  3.596500E+00 -5.396685E-01
      1893  3.835928E-01  2.218713E+00  8.026584E-01
      1914 -7.477253E-01  1.352124E+00 -8.836173E-02
      1915 -1.582523E+00  2.256037E+00 -2.351094E-02
      1916 -1.395759E+00  1.715604E+00  5.153939E-02
      1948 -1.067442E-01  1.499893E-01 -1.992421E+00
      1949  1.727044E+00  2.178458E+01  3.220910E+00
      1950  1.305272E+00  2.302828E+01  3.915830E+00
      1967  1.962004E+00 -2.059673E+01  7.959922E+00
      1968 -2.307643E+00 -1.649002E+01  3.359959E+00
      1969  1.911373E-01 -4.255453E+00  8.679781E-01
      1970  4.531985E-02  1.083399E-01 -1.223599E-01
      1971 -5.471454E-01 -3.243925E+00  1.244317E+00
      1976  1.604785E-01 -3.209858E+00  4.903854E-01
      1977 -1.490376E-01 -1.491637E+00  1.651027E+00
      1981  3.133988E+00 -2.730711E+01  4.132349E+00
      1982  9.226463E-01 -9.759336E+00  1.245457E+00
      2064 -1.084292E-01  3.081113E+00  9.160845E-01
      2065  3.798371E-01  3.662734E+00  1.546613E+00
      2077  4.684854E+00  7.347834E+00  8.714881E-01
      2078  3.975173E+00  7.518617E+00  2.919361E-01
      2440 -2.662131E-01 -9.656250E-01 -6.896374E-01
      2441 -5.478167E-01 -7.035422E-01 -4.763630E-01
      2442 -4.286423E-01 -6.078140E-01 -7.769741E-01
      2444  1.046247E+00  1.420932E+00 -2.343629E-02
      2445  1.897250E+00  6.920064E+00 -2.065781E+00
      2446  1.011588E+00  7.213195E-01 -6.125659E-01
      2447  3.157062E+00  1.009102E+01 -1.843844E+00
      2448  3.588721E+00  9.365217E+00 -1.197154E+00
      2449  0.000000E+00  0.000000E+00  0.000000E+00
      2450  9.944693E-01  1.124984E+00 -4.853174E-02
      2451 -2.114401E-01 -1.257876E+00 -3.138986E-02
      2452  1.493354E+00  1.314237E+00  5.610403E-01
      2453  3.851002E+00  3.107225E+00  2.840888E+00
      2454  1.014516E+00  1.596245E+00  4.113950E-02
      2455  3.612613E+00  8.678360E+00 -8.853758E-01
      2456  1.092055E+00  1.394102E+00 -2.178077E-01
      2457  1.751451E+00  2.304501E+00 -8.284859E-01
      2458  4.421248E-01  9.289627E-01 -6.573102E-01
      2459  1.112502E+00  1.440792E+00 -6.718587E-01
      2460  7.584682E-01  1.342139E+00 -4.809356E-01
      2461  6.768325E-01  6.720829E-01 -1.046267E+00
      2462  6.293416E-01  9.404825E-01 -7.613854E-01
      2463 -3.999945E-01 -5.104882E-01 -5.425125E-01
      2464 -1.773077E-01  9.575940E-02 -6.372328E-01
      2465 -6.664626E-02 -2.409552E-01  3.180899E-02
      2466  0.000000E+00  0.000000E+00  0.000000E+00
      2467  6.259966E-01  1.227555E+00  1.831909E-01
      2468  6.994445E-01  5.055427E-01  1.890404E-01
      2469  5.451203E-01  1.415580E+00 -1.051154E+00
      2470  5.934620E-01  9.757494E-02 -1.915442E-01
      2471 -4.702014E-01 -7.383768E-01 -8.050121E-01
      2481 -1.887205E+00 -4.111753E+00 -2.487523E+00
      2482 -1.978398E+00 -5.725760E+00 -9.849293E-01
      2483 -1.010751E+00 -5.598632E-01 -7.035897E-01
      3068 -3.882353E-01  2.814894E-01  1.581459E-01
      3069 -5.181471E-01 -9.790354E-01 -3.526212E-01
      3070 -8.046930E-01 -8.846037E-01 -4.655330E-01
      3071  0.000000E+00  0.000000E+00  0.000000E+00
      3072  0.000000E+00  0.000000E+00  0.000000E+00
      3073 -1.241148E-01  5.740926E-01 -7.757500E-01
      3074  4.721338E-01  5.037868E-01 -4.980739E-01
      3075  3.428731E-01  1.366307E+00 -7.635444E-01
      3076 -4.890015E-01 -1.153733E+00 -1.792824E+00
      3077  6.960811E-01 -1.234460E+00  9.664608E-01
      3078  2.986336E-01  1.322384E+00  3.039447E-01
      3079  1.588266E+00  4.164584E+00 -8.940563E-01
      3080  1.302488E+00  1.185074E+00  5.536368E-02
      3177 -2.584506E-01  5.129874E-01 -8.798491E-01
      3178 -5.424939E-01  1.683217E+00 -2.013984E+00
      3179 -4.548374E-01  7.178400E-01 -4.900819E-01
      3180 -3.890503E-01  4.601515E-01 -4.898581E-01
      3181 -8.501046E-01  3.952381E-01  4.825856E-01
      3182 -1.105367E+00  7.831345E-01  1.037687E-01
      3410 -6.315700E-01  1.928250E+00  5.716380E-01
      3465 -8.069162E-01  5.719791E+00  2.258024E+00
      3466  2.270350E+00  7.059542E+00  2.841840E+00
      3468  1.013779E+01  1.814598E+01  5.273354E+00
      3470  3.231502E-01  1.801779E+00 -2.092276E-01
      3472 -1.275060E-01  1.625981E+00  4.730570E-01
      3484 -1.968949E-01  7.456881E+00  1.386921E+00
      3487 -3.695912E-01  1.680623E-01  3.265500E-02
      3531  4.488840E+00  1.702655E+01  3.968044E+00
      3546 -2.251696E+00  7.127094E+00 -8.164139E-01
      3547 -3.658430E+00  9.769157E+00 -2.381151E+00
      3548 -7.021312E+00  8.923108E+00  3.243028E-01
      3551 -4.472933E+00  8.999183E+00  5.428305E-02
      3553 -8.387419E-01  1.925345E+00 -2.825105E-01
      3554 -1.175483E+00  2.286919E+00 -4.217986E-01
      3555 -4.830298E-01  7.671897E-01 -2.342714E-01
      3565 -4.311225E+00  3.394358E+00  2.781086E+00
      3568 -4.098784E+00  8.080068E+00 -1.298736E+00
      3584 -1.696200E-01  5.238233E-01 -9.211289E-01
      3585 -1.668868E-01  5.185001E-02 -9.106168E-01
      3599 -1.217916E+00  1.337638E+00 -3.609411E-01
      3600 -2.301702E+00  5.881569E+00 -9.253516E-01
      3601 -7.733986E-01  1.102184E+00 -2.430515E-02
      3602 -5.497344E-01 -1.116501E-01 -7.998790E-01
      3603 -1.577521E+00  1.891530E+00 -6.593728E-01
      3604  0.000000E+00  0.000000E+00  0.000000E+00
      3605  3.779617E-01 -6.719645E-01  2.043398E-01
      3606  8.914614E-01 -3.259507E-01  3.703224E-02
      3607  6.002357E-01 -5.067766E-01 -5.077152E-01
      3608  2.182307E-01  4.687969E-05 -4.535810E-01
      3609  2.752721E-01 -6.357719E-01 -5.604967E-01
      3610  2.996832E-01  6.193687E-01 -6.238411E-01
      3611  1.855386E-01 -3.518881E-01 -8.163677E-01
      3612 -3.801423E-02  2.932882E-01 -9.624143E-01
      3613 -6.439264E-01  6.508299E-01 -4.833507E-01
      3614  2.547796E-01  4.819497E+00  6.762974E-01
      3615  2.950164E-01  2.132555E+00  8.289448E-01
      3616 -9.704935E-01  1.290214E+00 -3.216714E-01
      3617 -9.538402E-01  1.596988E+00 -4.183638E-01
      3618 -1.698540E+00  2.024896E+00 -2.431625E-01
      3619 -1.341809E+00  1.661354E+00 -2.733582E-01
      3620 -4.888691E+00  5.933575E+00  3.150947E-01
      3621  0.000000E+00  0.000000E+00  0.000000E+00
      3622 -5.687757E-01  1.199325E+00  4.587561E-01
      3623  0.000000E+00  0.000000E+00  0.000000E+00
      3624  9.140320E-01 -6.052130E-01 -7.565357E-01
      3625  1.375647E+00  3.025018E-02  9.235718E-01
      3626  3.591753E-01 -3.955916E-01 -1.654953E-01
      3627  7.870261E-01 -1.429699E+00 -6.968726E-01
      3629 -2.820871E+00 -1.697741E+01  3.907010E+00
      3630 -4.158154E+00 -2.187786E+01  6.815664E+00
      3631  4.471981E+00 -3.029014E+01  6.153246E+00
      3632  8.061203E-01 -4.474389E+00  2.022692E+00
      3633  9.101645E-01 -1.946707E+00  1.524726E+00
      3638  4.843083E-01 -1.777454E+00  1.516137E+00
      3639  0.000000E+00  0.000000E+00  0.000000E+00
      3640  6.924347E-02 -4.277515E-01 -1.714495E-01
      3648 -7.320066E-01 -3.813853E+00  1.694613E+00
      3649 -5.442308E-01 -2.339303E+00  2.046387E+00
      3656 -5.856599E-01 -3.836755E+00  2.813714E+00
      3657  2.295364E-01 -4.986763E+00  2.247210E+00
      3658 -7.728548E-02 -3.646349E+00  1.090220E+00
      3659 -9.471648E-01 -3.618522E+00  1.200822E+00
      3660 -2.023582E-01 -4.239050E+00  1.457191E+00
      3661  0.000000E+00  0.000000E+00  0.000000E+00
      3662  3.411579E-02 -1.022483E+00 -6.546881E-02
      3663 -4.551639E-01 -1.737142E+00  9.659092E-01
      3664 -1.123784E-01 -3.726684E+00  9.084482E-01
      3665 -2.005470E-01 -1.932999E+00  7.075509E-01
      3666  5.041709E-01 -6.329359E+00  1.259999E-01
      3669 -4.519747E-01 -2.158481E+00  1.194900E+00
      3670 -3.924334E-01 -2.305356E+00  9.644250E-01
      3671 -1.499660E-01 -1.138300E+00  4.403209E-01
      3672 -4.826218E-02 -5.881191E+00  6.362345E-01
      3675 -1.765384E-01 -3.160183E+00  1.640599E+00
      3694 -1.178322E+00 -1.327605E+00 -5.143480E-02
      3695 -7.926089E-01 -1.188152E+00 -2.292091E-01
      3696 -9.632879E-01 -1.159794E+00 -6.692412E-02
      3701  1.312955E+00 -2.870812E+00 -1.077625E+00
      3705  1.682632E-01 -1.014429E+00 -3.585997E-01
      3706  7.455376E-01 -1.373523E+00 -5.886375E-01
      3707  8.808364E-01 -1.272099E+00 -7.713465E-01
      3708 -1.357544E+00  2.653719E+00 -1.113362E+00
      3709 -1.228983E+00  1.586751E+00 -3.909420E-01
      3719 -9.435247E-01 -2.065438E+00  6.100915E-02
      3720 -1.384054E+00 -4.020358E+00  1.030745E-01
      3724 -1.122796E+00 -1.500693E+00 -3.808799E-01
      3725  0.000000E+00  0.000000E+00  0.000000E+00
      3726  0.000000E+00  0.000000E+00  0.000000E+00
      3727 -1.254276E+00 -1.202259E+00  1.293402E-01
      3766  1.776444E+00  2.066336E+01  4.659459E+00
      3767  1.216644E+00  1.408186E+01  2.729556E+00
      3768  7.015906E-01  3.217068E+00  1.310337E+00
      3769 -1.624689E-01  2.143791E+00  1.278939E+00
      3770  2.993356E-01  1.020871E+00  6.679708E-01
      3771  3.611333E-01  9.943340E-01  6.938134E-01
      3772  8.243765E-02  1.280063E+00  6.207097E-01
      3773  2.916203E-01  1.074669E+00  3.718326E-01
      3774  2.923716E-01  1.601911E+00  5.452720E-01
      3775  3.920062E-01  2.236223E+00  3.863209E-01
      3776  4.494151E-01  7.222621E+00  1.507224E+00
      3777  3.966819E-01  2.503647E+00  7.704271E-01
      3778  6.365967E-01  6.159425E+00  8.648269E-02
      3779  2.175837E-01  1.377926E+00  2.483302E-01
      3780  8.830385E-02  5.909440E+00 -1.237158E-01
      3808  4.243537E-01  1.798870E+00  1.294973E+00
      3809  2.157053E-01  7.317278E-01  3.859080E-01
      3830  6.481990E+00 -2.024151E+01  5.492858E+00
      3831  2.946399E+00 -9.210870E+00  2.245461E+00
      3832  8.142444E-01 -2.723810E+00  1.379618E+00
      3845  0.000000E+00  0.000000E+00  0.000000E+00
      3846  0.000000E+00  0.000000E+00  0.000000E+00
      3847  0.000000E+00  0.000000E+00  0.000000E+00
      3848 -1.009297E+00  2.239565E+00  8.809438E-01
      3849  4.386751E-01 -1.212750E+00  5.211880E-01
      3850 -7.428723E-01  1.298066E+00  3.567845E-01
      3876 -6.443127E-01  9.872713E-01 -8.191981E-01
      3877 -1.274765E+00  2.578216E+00 -1.924229E+00
      3878 -7.359341E-01  1.378589E+00 -4.483278E-01
      3883  1.936075E-01 -3.775994E-01 -9.782338E-01
      3884  3.088078E-01 -3.451901E-01 -2.312347E+00
      3888 -1.908397E-02 -9.193178E+00  1.471203E+00
      3917 -4.585845E-01  3.113787E+00  8.897322E-01
      3918 -6.508995E-01  4.152269E+00  9.948299E-01
      3919  3.107892E-01  1.164457E+00  9.618165E-01
      3923  1.644063E+00  1.961973E+00 -3.356200E-01
      3924  1.294827E+00  1.833177E+00 -3.738577E-01
      3932 -3.909874E-01  2.728554E+00  1.342729E+00
      3933 -2.032327E-01  9.699115E-01  5.190900E-01
      3934 -4.277423E-01  7.426697E-02  5.940037E-01
      3969 -2.504978E-01  2.146389E+00  4.429490E-01
      3970 -6.058917E-01  4.429765E+00  6.032009E-01
      3973  4.902224E-01  1.889956E+00  9.500722E-01
      3974 -6.748618E-01  4.106941E+00  1.878891E+00
      3975  5.880042E-02  2.534755E+00  1.031492E+00
      3977 -3.058414E+00  9.276254E+00  1.337038E+00
      3978  5.718021E-01  2.744320E+01  6.220456E+00
      3979  4.324614E-01  1.704399E+00  1.080432E+00
      3980 -5.644744E-02  4.051465E+00  1.237974E+00
      3981  2.803323E-02  3.072930E+00  9.557536E-01
      3982 -7.939789E-01  4.034746E+00 -9.638701E-02
      3983  3.957663E-01  4.095960E+00  1.061529E+00
      3993 -3.390530E-04  4.210627E+00  5.402580E-01
      4046 -2.711425E-02 -8.404478E-01 -6.124024E-01
      4047  2.893193E-01  7.049846E-01 -2.300039E+00
      4057  1.061021E+00  1.845879E+00 -4.952337E-01
      4058  1.580282E+00  3.312459E+00 -2.156712E-01
      4063  1.651300E+00  3.002393E+00 -1.073497E+00
      5160  1.872842E-01 -5.448159E-01 -7.056602E-01
      5161 -3.870485E-02 -1.679123E-01 -2.889974E-01
      5162 -1.022251E-01 -1.087795E-01 -8.525247E-01
      5163 -8.368565E-01 -2.069884E+00 -7.732020E-01
      5164 -7.618246E-01 -1.775667E+00 -1.435483E+00
      5167  1.664223E+00  3.376798E+00 -2.941636E-01
      5170  1.493565E+00  3.029915E+00  3.210751E-03
      5483 -2.473892E+00  2.044677E+01  1.481421E+00
      5484 -7.953866E-02  5.769594E+00  8.496051E-01
      5485  2.952056E-01  2.369261E+00  8.573968E-01
      5486 -1.014444E+00  4.670155E+00 -5.497243E-01
      5487 -2.978822E-01  2.757920E+00  5.036831E-01
      5488 -2.751980E-01  9.183408E-01  4.101059E-01
      5493  3.372767E-01  5.017016E-01 -2.085786E-01
      5503  2.583174E+00 -1.050076E+01  1.796854E+00
      5509 -5.140112E-01 -2.017934E+00  2.631237E+00
      5524  1.710988E-01  1.155909E+00  7.804665E-01
      5525 -1.603452E-01  7.298072E-01  9.649575E-01
      5612  4.957140E+00  1.389650E+01  4.076185E+00
      5615 -1.709559E-01 -1.720331E-01 -2.718097E-01
      5616  0.000000E+00  0.000000E+00  0.000000E+00
      5620 -1.028948E+00  5.243457E+00  2.195649E+00
      5621 -3.452621E+00  2.332392E+01  5.303254E+00
      5622 -7.666140E-01  1.776446E+01  3.493886E+00
      5623 -2.182862E+00  1.178031E+01  1.837152E+00
      5635 -2.137733E+00  5.038002E+00 -2.278087E-02
      5636 -2.081601E+00  5.192548E+00 -1.249334E+00
      5638 -1.824986E+00  4.153584E+00  7.278120E-03
      5701  4.001986E+00  7.829957E+00  7.230223E-02
      5702  1.496585E+00  2.726688E+00 -5.529982E-01
      5776  1.515677E-01  5.831570E-01 -3.994535E-01
      5777  6.166237E-01  3.539844E+00 -3.163284E+00
      5778 -3.006897E-02  2.630814E+00  3.700247E-01
      6003  1.388164E+00 -3.241773E+00 -2.947610E-01
      6004  1.644600E+00 -3.087071E+00 -4.248556E-01
      6039  6.342766E-02  4.718750E-02 -2.246271E-03
      6048 -2.325258E+00 -2.742357E+00  6.131282E-01
      6075 -1.868565E-01  1.802574E+00  6.310379E-01
      6076  0.000000E+00  0.000000E+00  0.000000E+00
      6157  1.592743E-01 -2.744702E+00  7.310001E-01
      6158 -1.256830E-01 -2.807185E+00  1.402117E+00
      6160 -5.708762E+00 -1.254583E+01  4.050532E+00
      6161 -9.938269E-01 -8.255149E+00  3.260804E+00
      6162 -9.869095E-02 -2.309500E+00  2.516007E+00
      6163 -3.090826E-01 -1.754978E+00  1.396321E+00
      6165 -8.405294E-01 -7.328104E+00  1.538598E+00
      6176  9.083624E-01 -9.517641E+00  2.988110E+00
      6181 -3.253116E+00 -1.254344E+00  8.879423E-01
      6182 -5.426914E-02 -1.326544E+00  5.772267E-01
      6192  1.018662E+00 -3.638960E+00  5.874503E-01
      6194 -4.846793E-03 -1.612524E+00  9.513859E-01
      6195  3.786588E-01 -3.356564E+00  8.165219E-01
      6196  3.599575E-01 -2.022519E+00  6.083764E-01
      6199 -1.151022E-01 -2.678468E+00 -2.566626E-01
      6200  3.094101E-01 -2.618202E+00  4.784674E-01
      6202  1.020651E+00 -7.780717E+00  1.487401E+00
      6239 -2.258975E-01  2.005082E-01 -3.465699E-02
      6240 -1.048643E+00 -1.819896E+00  1.184236E+00
      6241 -2.332176E-01 -1.867219E+00  6.683275E-01
      6245 -3.166853E-01 -4.101338E+00  9.109927E-01
      6246  9.437349E-01 -5.812944E+00  8.151746E-01
      6254  4.116449E-01 -2.329194E+00  1.084954E+00
      6255  2.477584E-01 -1.718256E+00  1.078828E+00
      6256  7.683347E-02 -1.157270E+00  5.928935E-01
      6257  1.592144E-01 -3.288367E+00  1.641683E+00
      6258  4.759018E-01 -1.110076E+00  1.065107E+00
      6259  1.785091E-01 -2.973883E+00  9.907812E-01
      6260  5.500978E+00 -1.121619E+01  2.980142E+00
      6261  9.660852E-01 -2.503927E+00  1.869702E+00
      6377  1.186137E+00  3.890514E+00 -1.691102E+00
      6378  1.503879E+00  4.123745E+00 -1.343798E+00
      6379  2.688939E-01  9.961777E-01 -4.215061E-01
      6400 -4.596458E+00  1.078633E+01  4.659657E-02
      6401  0.000000E+00  0.000000E+00  0.000000E+00
      6402 -3.223070E-01  4.152208E-01  3.004586E-01
      6403  1.142479E-01 -1.414693E-01 -1.967788E-02
      6404  2.685355E+00 -6.154395E+00 -2.549928E+00
      6405  1.699583E+00 -1.497720E+01 -3.149328E-01
      6407  1.210618E+00  2.855149E-01  1.520358E+00
      6420 -1.296117E+00 -4.595190E-01 -2.369524E-02
      6421 -3.295979E+00 -6.734713E+00 -1.255944E+00
      6422 -2.238807E+00 -9.114968E+00 -2.839959E+00
      6423 -1.232106E+00 -8.197707E-01  4.069203E-01
      6428 -1.046783E+00  1.129739E+00 -1.573447E-01
      6433 -4.552814E-01 -9.709039E-01  3.805480E-01
      6435  1.461984E+00  1.741802E+00 -4.088264E-01
      6436 -6.450579E-01 -9.307759E-01 -2.535032E-01
      6437  2.777269E-01  6.573949E-01  4.368582E-01
      6438  0.000000E+00  0.000000E+00  0.000000E+00
      6439 -4.918526E-01 -9.368972E-01 -7.306646E-01
      6721 -1.381720E-01 -2.370345E+00  1.500342E+00
      6744 -1.353903E+00 -4.799358E+00  2.286127E-01
      6745  0.000000E+00  0.000000E+00  0.000000E+00
      6749  2.843438E-01 -4.161186E+00  1.136665E+00
      6788 -7.630321E-01 -2.898507E+00 -1.692630E-01
      6789 -5.112905E-02 -3.078951E-01 -6.843572E-01
      6790  3.434789E-03 -6.855628E-01  5.862607E-01
      6791  1.595590E-01 -2.441431E+00  1.214229E+00
      6792  6.279347E-01 -3.327386E+00  7.589478E-01
      6793 -3.695526E-01 -9.112136E+00  2.416466E+00
      6795 -6.222377E+00 -2.485443E+01  4.251790E+00
      6798 -2.383434E+00 -8.083606E+00  1.697301E+00
      6799  1.065323E-01 -3.162749E+00  1.046281E+00
      6800  1.422272E+00 -1.052220E+01  1.645877E+00
      6801  1.819353E-02 -1.915065E+00  8.808356E-01
      6803  2.796002E-01 -7.189035E+00  2.210603E-01
      6804 -3.243531E-01 -6.570027E+00  6.826640E-01
      6819  7.386230E-01 -4.464598E+00  5.821408E-01
      6825 -5.589074E-03 -3.014109E+00  9.804188E-01
      6827 -5.884083E-01 -8.068084E-01 -2.832896E-01
      6828 -6.140475E-01 -1.634708E+00 -2.254987E-01
      6830 -6.578220E-01  2.959237E+00  4.493083E-01
      6841  1.346337E-01 -7.097994E-02 -1.666315E-01
      6842  1.745177E+00 -5.854064E+00 -2.409052E+00
      6865 -1.266586E+00  3.637204E+00 -1.116985E+00
      6866 -2.306264E+00  7.753105E+00 -3.324959E+00
      6880  1.045760E+00 -1.352071E+00 -1.510124E-01
      6881 -6.746667E-01  2.049227E+00 -6.719805E-01
      6882 -1.713569E-01 -4.750369E-01 -9.980278E-01
      6883  2.824571E-01  1.150540E+00 -9.350071E-01
      6884 -2.801569E-01 -1.224020E+00 -2.265652E+00
      6916  2.723681E-01 -5.383363E-01  1.498837E-01
      6917  8.850706E-01 -3.090549E-01 -4.081174E-01
      6918 -1.039231E+00 -4.110379E-01 -1.968620E+00
      6930  0.000000E+00  0.000000E+00  0.000000E+00
      6940  2.774112E+00 -4.376568E+00 -8.273458E-01
      6941  6.633073E-01 -4.968508E-01 -2.070797E-01
      6944 -2.236698E+00 -3.791967E+00 -6.960142E-01
      6945 -8.073750E-01 -1.521314E-01 -4.721469E-01
      6946 -2.949168E+00 -5.870228E+00 -9.239344E-01
      6965  6.326865E+00 -7.239597E+00  2.527156E+00
      6988 -9.216755E-01 -2.879240E-01  1.009162E-01
      6993  0.000000E+00  0.000000E+00  0.000000E+00
      6994  0.000000E+00  0.000000E+00  0.000000E+00
      6999 -3.884950E-01 -2.929748E-01 -1.125004E-01
      7025  1.508843E+00  3.064634E+00 -1.831335E+00
      7145  2.832160E-02 -6.641774E-02 -7.271643E-01
      7155  1.852927E-02 -6.934373E-02 -1.200268E+00
      7183 -1.166588E-01 -3.937692E-01 -4.376054E-01
      7184 -3.482745E-01 -5.825488E-01 -3.723390E-01
      7185  3.807011E-01  2.345122E-01 -2.074289E-01
      7186 -5.584291E-01 -1.704894E+00  5.569370E-01
      7250  1.662592E+00 -5.903044E+00 -2.115954E+00
      7251  8.311357E+00 -9.345806E+00 -1.904364E+00
      7256 -1.407883E+00 -3.278523E+00 -4.365790E+00
      7265 -3.625936E-01 -2.171724E+00  7.510460E-01
      7266 -7.271934E-01 -1.532825E+00  1.926401E-01
      7267 -3.903223E-01 -4.139132E+00 -1.218973E-01
      7268 -3.195529E-02 -1.373120E+00  2.035978E-01
      7269  0.000000E+00  0.000000E+00  0.000000E+00
      7282  5.339951E-01 -1.230824E+00  1.114096E+00
      7288 -4.052058E-01 -4.532637E-01 -2.582491E-01
      7953 -1.936298E-01  2.017188E+00 -3.122755E-01
      7974  3.388828E+00  6.198089E+00 -4.829660E-01
      7975  1.792810E+00  2.050521E+00  4.450586E-01
      7983  2.639540E-01 -4.300229E-01 -4.608923E-01
      7984  2.968833E-02 -3.542931E-01 -9.307921E-01
      7985  2.950056E-01 -1.184245E+00  5.181951E-01
      7993 -3.811781E+00 -6.612296E+00  1.337377E+00
      7996 -9.887467E-01 -7.557278E-01  2.467637E-01
      7997 -1.804103E+00 -1.554583E+00  7.565140E-02
      8063 -3.910733E+00 -7.567478E+00  3.257418E-02
      8072  1.041380E+00  1.205279E+00 -3.944059E-01
      8073  7.982694E-01 -2.950248E+00 -1.399758E+00
      8078  9.056475E-01 -1.967809E+00  9.159313E-01
      8079 -2.703308E-01 -3.551025E+00  9.591218E-01
      8092  6.399704E-01 -5.015822E+00  2.454557E+00
      8099 -7.432024E-01 -2.340523E-01  1.666400E-01
      8236  4.691177E-01  3.867892E+00  2.011844E-01
      8237 -1.211428E+00  3.727330E+00  4.389479E-01
      8731  1.014723E+00  3.438590E+00 -5.007575E+00
      8897 -1.544199E+00  4.217164E+00 -3.636550E-02
      8927  1.039653E+00  2.798686E+01  6.392513E+00
      8928 -1.127501E-01  2.671901E+00  1.071554E+00
      9013 -2.322623E-01  2.525598E+00  3.854137E-01
      9014 -6.321196E-01  2.037996E+00  6.756105E-01
      9015 -2.542117E-01  3.034076E+00  1.215347E+00
      9017 -2.242211E-01  3.333668E+00  1.128061E+00
      9018  6.668037E-02  1.899036E+00  7.612721E-01
      9019 -1.044218E+00  4.529570E+00  5.955926E-01
      9041 -7.047371E+00  1.440670E+01  4.698068E+00
      9043 -3.666105E+00  1.360827E+01  5.119021E+00
      9081 -5.128633E-02  5.749766E+00  7.767900E-01
      9127 -2.889064E-01  2.655873E+00  1.023786E+00
      9128 -1.215105E+00  1.160341E+01  1.484256E+00
      9138 -9.651153E-01 -3.675268E-01 -5.056113E-01
      9139  0.000000E+00  0.000000E+00  0.000000E+00
      9140  0.000000E+00  0.000000E+00  0.000000E+00
      9141 -3.385856E-01 -3.450817E+00  9.883108E-01
      9146  2.424156E-01 -8.308608E-02 -2.910123E-01
      9172 -1.441183E-01  4.314653E+00  5.013172E-01
      9199  2.098031E+00  4.998681E+00 -1.339043E+00
      9205  3.080185E-03 -1.482891E-01 -1.464549E-01
      9215 -6.846947E-01  3.504185E+00  2.627128E-02
      9278  6.506523E-03  9.202353E-03 -2.007485E-02
      9279  0.000000E+00  0.000000E+00  0.000000E+00
      9280  6.640777E-01  1.957441E+00 -1.722011E-01
      9309  1.594570E+00 -4.233415E+00 -1.972906E-01
      9333 -6.938506E-02  7.292691E+00  3.416144E-01
      9337  5.132061E-01 -1.610897E+00 -5.641064E-01
      9338  5.819578E-01 -4.255635E+00  1.705885E+00
      9417  6.258191E-01  2.795792E-02 -3.246519E-01
      9418 -2.146414E-02 -2.608213E-02 -1.402513E-02
      9419  0.000000E+00  0.000000E+00  0.000000E+00
      9420  0.000000E+00  0.000000E+00  0.000000E+00
      9422 -4.907161E-01  1.798035E+00  9.950901E-01
      9437  6.063868E-01 -3.355887E+00 -7.794736E-01
      9453 -3.397046E+00 -5.612104E+00  9.005737E-01
      9454  0.000000E+00  0.000000E+00  0.000000E+00
      9455 -1.211608E-01 -6.119794E+00 -8.370897E-01
      9460  6.857465E-01 -7.999639E+00 -1.896224E+00
      9461  7.807443E+00 -8.275915E+00  2.640542E+00
      9462  5.970512E-01 -5.440005E-01 -1.283897E-01
      9463  3.018871E-01 -2.125596E+00 -6.482293E-01
      9464  3.668322E-01 -2.248470E+00 -4.037266E-01
      9485  2.294168E-01  4.750289E-01  2.521979E-01
      9486  0.000000E+00  0.000000E+00  0.000000E+00
      9487  3.235832E-01 -1.681534E-01 -5.911931E-01
      9488  0.000000E+00  0.000000E+00  0.000000E+00
      9489  1.229584E+00 -4.783721E+00  5.103878E-01
      9490  7.428205E-02 -1.036753E-01 -1.429916E-01
      9491  2.788987E-01 -9.046503E-01  1.654296E-01
      9495  6.199099E-01 -1.641478E+00  9.068143E-02
      9534  0.000000E+00  0.000000E+00  0.000000E+00
      9638  1.896348E-01 -1.979444E-01  8.580027E-02
      9661  0.000000E+00  0.000000E+00  0.000000E+00
      9662  3.851502E-01  1.593111E-01  1.178898E-01
      9663 -1.707403E+00 -3.378312E+00 -2.267748E+00
      9666 -7.410784E-01 -3.070992E+00 -2.659811E-01
      9667 -6.964648E-01 -1.714096E+00 -6.665813E-01
      9669 -8.255200E-01 -3.099315E-01 -4.634271E-01
      9670 -4.826852E-01 -3.421345E+00 -6.175502E-02
      9671 -5.733136E-01 -1.205731E+00 -4.667406E-01
      9736  2.941463E-01  1.370045E+01  1.465792E+00
      9743 -2.319413E-01 -1.579957E-01 -1.659093E-01
      9780 -8.339345E-01 -3.086187E+00  3.998752E-01
      9793  0.000000E+00  0.000000E+00  0.000000E+00
     10048 -8.955644E-01 -2.073607E+00  1.245355E+00
     10073 -6.375048E-02 -1.439186E-01 -1.234579E+00
     10100  3.936421E-01 -2.294615E+00  8.855256E-03
     10161 -9.080508E-01 -2.739151E+00  5.157865E-01
     10162 -1.423058E-01 -1.084001E+00  6.504773E-01
     10169  2.252156E+00  1.003470E+01  2.322451E+00
     10194 -6.623712E-02  1.818762E+00 -2.804326E+00
     10228  1.655432E-02 -1.233323E+01  4.001388E+00
     10231  7.327321E-01 -4.788170E-01 -1.897340E-01
     10260  0.000000E+00  0.000000E+00  0.000000E+00
     10454  3.080699E+00 -5.703486E+00 -9.610296E-01
     10461  0.000000E+00  0.000000E+00  0.000000E+00
     10514 -8.165791E-01 -1.490519E+00  7.334203E-02
     10515 -3.618996E-01 -6.851865E-01 -2.244825E-01
     10521 -2.677861E-01  4.081130E-01 -3.659084E+00
     10524  0.000000E+00  0.000000E+00  0.000000E+00
     10606  6.534796E-01 -1.165135E+00 -1.770161E+00
     10609  5.642016E-01 -4.107614E+00 -3.653438E+00
     10628 -1.124727E+00 -1.465324E+00  9.010525E-01
     10656 -7.367328E-01 -1.452470E+00  1.583762E+00
     10660 -1.116447E+00 -8.276873E-01  1.075549E+00
     13435  2.900310E-01  7.938010E-01 -4.683979E-01
     13436  3.719334E-01  7.357968E-01 -3.203551E-01
     13437 -7.680632E-01 -1.138659E+00  4.102413E-01
     13438  3.277634E-01  4.178688E-01 -8.733163E-02
     13439 -6.862848E-01 -1.223470E+00 -1.850888E-01
     13440 -7.636986E-01 -1.416131E+00 -2.900534E-01
     13473 -5.102698E-01 -1.210435E+00  1.314082E-02
     13542  1.093842E-01 -1.602615E-01  2.243408E-02
     13543 -1.150183E-01  1.721064E-02 -1.739606E-02
     13546  1.191228E-01 -1.228835E-01 -1.657891E-03
     13547  0.000000E+00  0.000000E+00  0.000000E+00
     13563  5.619655E-01  9.423091E-01  2.130176E-02
     13570 -3.663238E-03  4.666429E-02 -1.499963E-01
     13571  1.064421E-01 -4.771858E-02 -5.661639E-02
     13573 -2.324938E-01  9.721825E-02  2.304381E-02
     13574  0.000000E+00  0.000000E+00  0.000000E+00
     13575  0.000000E+00  0.000000E+00  0.000000E+00
     13576  0.000000E+00  0.000000E+00  0.000000E+00
     13577  0.000000E+00  0.000000E+00  0.000000E+00
     13578  0.000000E+00  0.000000E+00  0.000000E+00
     13579 -1.115689E+00 -2.045963E+00 -4.135488E-01
     13588 -3.831665E-01 -7.843933E-01  9.290720E-02
     13590 -7.009394E-01 -1.479284E+00 -6.690552E-01
     13600 -4.065904E-02 -2.180829E-01 -4.610777E-01
     13601  8.313367E-02 -2.619123E-01 -3.742255E-01
     13602  0.000000E+00  0.000000E+00  0.000000E+00
     13603 -4.256619E-03 -2.683908E-01 -2.001191E-01
     13607  0.000000E+00  0.000000E+00  0.000000E+00
     13630  0.000000E+00  0.000000E+00  0.000000E+00
     13631 -2.321848E-01 -4.207367E-01 -1.534364E-02
     13678  0.000000E+00  0.000000E+00  0.000000E+00
     13684  0.000000E+00  0.000000E+00  0.000000E+00
     13685 -3.398343E-01  8.602899E-01  4.041077E-01
     13697  0.000000E+00  0.000000E+00  0.000000E+00
     13698  0.000000E+00  0.000000E+00  0.000000E+00
     13699  4.923116E-01  1.647701E+00 -1.371946E-01
     13700  0.000000E+00  0.000000E+00  0.000000E+00
     13737 -3.675460E+00  3.935986E+00 -1.027133E+00
     13739  0.000000E+00  0.000000E+00  0.000000E+00
     13771  0.000000E+00  0.000000E+00  0.000000E+00
     13772 -1.505747E-01  7.713406E-02  9.560336E-02
     13782 -1.962470E-01 -3.868550E-01 -1.924587E-02
     14300  0.000000E+00  0.000000E+00  0.000000E+00
     14301  0.000000E+00  0.000000E+00  0.000000E+00
     14307 -3.503821E-01  1.295985E-01 -3.138181E-02
     14362  4.591857E-01 -9.508108E-01  2.070155E-01
     14363  6.494047E-01 -1.464234E+00 -4.459924E-02
     14364  0.000000E+00  0.000000E+00  0.000000E+00
     14365 -1.399700E-01  1.080235E-01  3.242112E-02
     14378  2.245122E+00 -4.156343E+00 -1.662253E+00
     14379  3.338961E-01  1.373545E-01  1.036893E-01
     14380 -8.661205E-01  5.423238E-01  1.026229E-01
     14381  4.555777E-01 -3.968315E-01 -7.478863E-03
     14382  2.135279E-01 -1.274102E-02 -2.009166E-01
     14383  2.786446E-01 -5.621538E-01 -2.752168E-01
     14479  3.538109E-01  8.330421E-02  1.054272E-01
     14644  1.098954E-01 -3.537946E-01  1.857685E-01
     14647 -5.315120E-01 -2.037883E+00 -6.629853E-02
     14648 -3.942465E-02 -5.778507E-02  1.606679E-01
     14654  0.000000E+00  0.000000E+00  0.000000E+00
     14694 -5.870659E-02 -1.615587E-01  2.167434E-02
     14702 -4.360125E-02  1.072717E-02  2.891494E-02
     14768  0.000000E+00  0.000000E+00  0.000000E+00
     14781  1.582500E-01 -1.088617E-01 -1.131748E-01
     14782  0.000000E+00  0.000000E+00  0.000000E+00
     14788  0.000000E+00  0.000000E+00  0.000000E+00
     14789 -2.962606E-03  5.440963E-03  3.419364E-03
     14790  1.468397E-02 -1.543831E-01 -8.721049E-02
     14795 -6.788786E+00 -9.406449E+00  1.514818E+00
     14800 -4.538519E+00 -8.449062E+00  4.212418E+00
     14802 -2.921041E+00 -4.981789E+00  2.547547E-01
     14805 -1.518981E+00 -1.102892E+00  5.747389E-01
     14814  5.701618E-01 -6.473249E-01  1.390272E-02
     14876  6.473674E-01 -1.136886E+00  7.217628E-01
     14877  1.002847E+00 -1.063755E+00  7.465599E-01
     14878  5.201047E-01 -7.862004E-01  1.153762E+00
     14880  4.942885E-02 -3.960605E+00  4.427698E-01
     14882  6.011867E-01 -2.440138E+00  4.258093E-01
     14883  1.094723E+00 -2.873214E+00  7.846952E-02
     14885  1.144693E+00 -1.003803E+00  3.449696E-01
     14886  9.173258E-01 -1.479436E+00  4.369517E-01
     14887  8.229515E-01 -7.671602E-01  1.969274E-01
     14889  3.382197E+00 -4.339184E+00 -5.294088E-02
     14907  4.210094E+00 -5.597106E+00  1.367235E+00
     14908  5.732556E+00 -7.312553E+00  1.903234E+00
     14928  5.725710E-02 -1.023827E+00  1.408390E+00
     14929 -7.392538E-01  2.458388E+00 -2.204260E+00
     14955  3.616251E-01 -4.822295E+00  7.247789E+00
     14959 -4.179535E-01 -8.749805E+00  5.782308E-01
     14968 -4.853307E-02 -1.490262E+01  1.647764E+00
     14981  1.368329E-01 -7.628365E+00  7.742211E-01
     14982 -1.253746E+00 -5.584730E+00  2.075019E+00
     14983  1.974652E+00 -9.800174E+00 -4.118143E+00
     14985 -1.459898E+00 -2.485890E+01  3.208835E+00
     14986  7.413665E-01 -2.743075E+00  2.127627E+00
     14987 -1.351067E-01 -1.531911E+00  7.715255E-01
     14989  0.000000E+00  0.000000E+00  0.000000E+00
     14990  0.000000E+00  0.000000E+00  0.000000E+00
     14991  1.682446E-01 -4.414625E+00  1.290533E+00
     14992  0.000000E+00  0.000000E+00  0.000000E+00
     14993 -1.894642E-01  1.991828E-01  5.617755E-01
     14994  2.521189E-01 -1.944964E+00 -1.748200E-01
     14995  3.242425E-03  6.106799E-04  5.416749E-02
     15668  0.000000E+00  0.000000E+00  0.000000E+00
