
                        S T E P       1


                                INCREMENT     1


 forces (fx,fy,fz) for set NPROX and time  0.1000000E+01

      1292  4.044478E-01  6.759225E-01 -8.985264E-01
      1293  8.586573E-01  2.559891E+00 -1.646200E+00
      1406  6.040043E-01  6.312467E+00  2.457318E+00
      1408 -3.088081E+00  7.717011E+00  3.507668E+00
      1418 -1.846826E+00  2.422292E+00  1.504178E-01
      1419 -1.850381E+00  2.063635E+00 -1.020446E-01
      1420 -4.880163E+00  8.718792E+00  2.115677E-01
      1524 -1.624347E+00  3.859048E+00 -1.333951E+00
      1525 -9.322888E-01  2.122300E+00 -4.692518E-01
      1526 -3.487251E-01  8.585858E-01 -8.730155E-01
      1527 -6.110312E-02  1.187409E-01 -1.782164E-01
      1528 -7.404888E-02  7.677056E-02 -7.539827E-01
      1556  4.014514E-01  7.996658E+00  9.422763E-01
      1557 -6.104962E-02  8.714661E+00  4.276570E-01
      1558  2.715672E-01  3.044708E+00  9.428686E-01
      1559  5.597373E-01  1.394976E+00  9.666514E-01
      1560 -6.258005E-01  4.529447E+00  9.007662E-01
      1561 -8.903012E-02  4.872384E+00  2.243536E+00
      1562  2.254630E+00  8.170976E+00  1.814081E+00
      1566  7.511339E-01  8.675952E+00  8.153711E-01
      1620 -1.260995E+00  3.118219E+00 -2.406785E+00
      1624  1.255864E+00  1.785636E+00  1.235073E-01
      1625  9.240524E-01  2.086118E+00  1.031717E-01
      1626  1.330869E+00  3.523547E+00  1.809395E-02
      1628  9.249494E-02 -3.386916E-03 -7.258566E-02
      1629  4.753137E-02 -4.978747E-03  1.623422E-02
      1797 -9.684451E-01 -1.591093E+00 -4.460271E-01
      1798 -1.720388E+00 -2.837793E+00 -1.121006E-01
      1799 -1.657415E+00 -4.270454E+00 -4.417106E-01
      1800  1.682863E+00 -1.255815E+00  1.563350E-01
      1801  2.175619E+00 -2.526991E+00 -8.833852E-02
      1802  1.520958E+00 -8.005055E-01  8.657426E-01
      1810 -9.288841E-01 -4.701091E+00  4.917891E-01
      1819  1.031745E+00 -1.437655E+00 -2.154105E-01
      1820  5.268543E-01 -2.781722E-01 -3.470618E-01
      1821  1.450386E+00 -1.433303E+00 -8.978723E-02
      1830  1.070959E+00  7.423926E+00  1.131747E+00
      1831  6.172024E-01  8.234258E+00  9.086442E-01
      1832 -1.478996E-01  3.750185E+00  9.511611E-01
      1833 -4.369038E-01  7.340644E+00  9.339207E-01
      1861 -2.084473E-01  1.017469E+00  3.416588E-01
      1862  1.354279E+00 -1.849333E+00 -2.577694E-01
      1863  1.106873E+00 -1.334679E+00 -2.084455E-01
      1873  0.000000E+00  0.000000E+00  0.000000E+00
      1874  3.115760E-01  9.387398E-02  8.079397E-02
      1875  0.000000E+00  0.000000E+00  0.000000E+00
      1888  7.450197E-03  1.704939E+00  5.728186E-01
      1889 -4.787006E-01  1.496119E+00  9.744195E-01
      1890  3.188193E-01  2.884309E+00  7.782114E-01
      1891  1.116991E+00  3.783538E+00  1.357305E+00
      1892  1.097208E+00  3.764359E+00 -3.765741E-01
      1893  4.141183E-01  2.280367E+00  8.440196E-01
      1914 -7.797456E-01  1.400865E+00 -9.421111E-02
      1915 -1.625418E+00  2.294131E+00 -5.585296E-03
      1916 -1.456420E+00  1.770740E+00  5.886956E-02
      1948 -1.090119E-01  1.668983E-01 -2.155672E+00
      1949  1.850654E+00  2.121194E+01  3.474976E+00
      1950  1.496175E+00  2.235228E+01  4.166042E+00
      1967  1.996157E+00 -1.989066E+01  8.038559E+00
      1968 -2.161358E+00 -1.606031E+01  3.367492E+00
      1969  2.175134E-01 -4.443145E+00  9.848192E-01
      1970  9.571198E-04  4.906558E-03 -7.963409E-03
      1971 -5.704431E-01 -3.406979E+00  1.350773E+00
      1976  1.623554E-01 -3.371550E+00  5.288802E-01
      1977 -1.531497E-01 -1.571975E+00  1.710936E+00
      1981  3.405923E+00 -2.694564E+01  4.430144E+00
      1982  9.144194E-01 -9.445895E+00  1.435535E+00
      2064 -1.109409E-01  3.224109E+00  1.033110E+00
      2065  4.286699E-01  3.827677E+00  1.672933E+00
      2077  4.607347E+00  7.005004E+00  1.104611E+00
      2078  3.922623E+00  7.212253E+00  2.986218E-01
      2440 -2.910466E-01 -1.032972E+00 -7.591190E-01
      2441 -5.814978E-01 -7.408328E-01 -5.048672E-01
      2442 -4.720713E-01 -6.372357E-01 -8.714986E-01
      2444  1.089108E+00  1.391130E+00 -2.294984E-02
      2445  2.026251E+00  7.008327E+00 -2.233506E+00
      2446  1.095220E+00  7.786441E-01 -6.392190E-01
      2447  3.354182E+00  1.009716E+01 -2.005125E+00
      2448  3.683876E+00  9.281579E+00 -1.145150E+00
      2449  0.000000E+00  0.000000E+00  0.000000E+00
      2450  1.081696E+00  1.174621E+00 -4.643435E-02
      2451 -2.280101E-01 -1.380164E+00 -2.449168E-02
      2452  1.508815E+00  1.318811E+00  5.665449E-01
      2453  3.418154E+00  2.531564E+00  2.611313E+00
      2454  1.095634E+00  1.669891E+00  5.918918E-02
      2455  3.667118E+00  8.576069E+00 -8.438495E-01
      2456  1.157695E+00  1.447640E+00 -2.183304E-01
      2457  1.857988E+00  2.405776E+00 -8.809114E-01
      2458  5.065709E-01  9.658851E-01 -7.253144E-01
      2459  1.206378E+00  1.538035E+00 -7.309381E-01
      2460  8.220433E-01  1.425056E+00 -5.102414E-01
      2461  7.370535E-01  7.241643E-01 -1.166506E+00
      2462  6.694591E-01  1.007460E+00 -8.126482E-01
      2463 -4.425262E-01 -5.466115E-01 -5.967156E-01
      2464 -1.871076E-01  1.309013E-01 -6.953357E-01
      2465 -8.359244E-02 -2.700136E-01  7.498622E-03
      2466  0.000000E+00  0.000000E+00  0.000000E+00
      2467  6.527439E-01  1.278867E+00  1.873530E-01
      2468  7.278631E-01  5.270341E-01  2.006988E-01
      2469  6.086941E-01  1.523673E+00 -1.167134E+00
      2470  6.463288E-01  1.104580E-01 -1.986049E-01
      2471 -5.486745E-01 -7.880455E-01 -8.898520E-01
      2481 -1.949620E+00 -4.076293E+00 -2.689720E+00
      2482 -1.980205E+00 -5.588774E+00 -1.214074E+00
      2483 -1.112158E+00 -6.474084E-01 -7.638924E-01
      3068 -4.088832E-01  3.184389E-01  1.764581E-01
      3069 -5.689457E-01 -1.031486E+00 -3.753640E-01
      3070 -8.540905E-01 -9.552303E-01 -4.873332E-01
      3071  0.000000E+00  0.000000E+00  0.000000E+00
      3072  0.000000E+00  0.000000E+00  0.000000E+00
      3073 -1.288860E-01  6.393550E-01 -8.484447E-01
      3074  5.046110E-01  5.397408E-01 -5.248904E-01
      3075  3.691503E-01  1.460131E+00 -8.246572E-01
      3076 -5.101204E-01 -1.192063E+00 -1.932934E+00
      3077  7.007732E-01 -1.279957E+00  9.841111E-01
      3078  3.208561E-01  1.376178E+00  3.200566E-01
      3079  1.668154E+00  4.338707E+00 -9.238121E-01
      3080  1.355448E+00  1.225400E+00  6.040297E-02
      3177 -2.744513E-01  5.480840E-01 -9.535815E-01
      3178 -5.749373E-01  1.786718E+00 -2.175411E+00
      3179 -4.962189E-01  7.590862E-01 -5.346137E-01
      3180 -4.126225E-01  5.121173E-01 -5.448745E-01
      3181 -8.715015E-01  3.887377E-01  5.064207E-01
      3182 -1.151532E+00  7.978334E-01  1.096886E-01
      3410 -6.597613E-01  2.002294E+00  5.974548E-01
      3465 -6.671534E-01  5.410525E+00  2.306537E+00
      3466  2.194148E+00  6.510800E+00  2.746421E+00
      3468  9.945687E+00  1.666431E+01  5.062030E+00
      3470  3.361237E-01  1.878716E+00 -2.177896E-01
      3472 -1.341697E-01  1.697178E+00  4.892196E-01
      3484 -1.940634E-01  7.773948E+00  1.434410E+00
      3487 -3.921405E-01  1.712489E-01  3.333488E-02
      3531  4.490447E+00  1.629194E+01  3.924210E+00
      3546 -2.361634E+00  7.054109E+00 -8.499677E-01
      3547 -4.234818E+00  9.565050E+00 -2.763048E+00
      3548 -6.902336E+00  8.486171E+00  4.365660E-01
      3551 -4.529852E+00  8.732786E+00  9.650973E-02
      3553 -9.031591E-01  1.978708E+00 -2.631504E-01
      3554 -1.279135E+00  2.340727E+00 -4.216720E-01
      3555 -5.370803E-01  7.978140E-01 -2.463054E-01
      3565 -3.925509E+00  2.808021E+00  2.593733E+00
      3568 -4.201200E+00  7.993696E+00 -1.332432E+00
      3584 -1.940981E-01  5.652194E-01 -1.040364E+00
      3585 -1.857097E-01  4.918644E-02 -1.012424E+00
      3599 -1.291210E+00  1.382169E+00 -3.728368E-01
      3600 -2.349816E+00  5.984824E+00 -9.404087E-01
      3601 -8.135515E-01  1.129104E+00 -1.683419E-02
      3602 -5.855497E-01 -1.203963E-01 -8.762868E-01
      3603 -1.664280E+00  1.989030E+00 -6.774594E-01
      3604  0.000000E+00  0.000000E+00  0.000000E+00
      3605  4.067730E-01 -7.258711E-01  2.339988E-01
      3606  9.648291E-01 -3.635092E-01  6.946521E-02
      3607  6.405291E-01 -5.716793E-01 -5.285360E-01
      3608  2.482759E-01  1.882797E-02 -5.100089E-01
      3609  3.047462E-01 -6.718739E-01 -6.261965E-01
      3610  3.293082E-01  6.762797E-01 -6.935328E-01
      3611  2.094044E-01 -3.722429E-01 -9.077190E-01
      3612 -6.951535E-02  3.117630E-01 -1.073844E+00
      3613 -6.985105E-01  6.887349E-01 -5.299888E-01
      3614  2.603588E-01  5.029620E+00  6.859696E-01
      3615  3.116225E-01  2.208884E+00  8.585696E-01
      3616 -1.027655E+00  1.354127E+00 -3.352823E-01
      3617 -1.030311E+00  1.680542E+00 -4.441696E-01
      3618 -1.772210E+00  2.085299E+00 -2.390238E-01
      3619 -1.404525E+00  1.722012E+00 -2.775169E-01
      3620 -4.834617E+00  5.598438E+00  4.186233E-01
      3621  0.000000E+00  0.000000E+00  0.000000E+00
      3622 -5.925378E-01  1.211467E+00  4.878761E-01
      3623  0.000000E+00  0.000000E+00  0.000000E+00
      3624  9.999661E-01 -6.223303E-01 -8.630581E-01
      3625  1.439257E+00  6.663039E-02  1.149103E+00
      3626  4.080148E-01 -4.021689E-01 -1.925990E-01
      3627  8.731213E-01 -1.537383E+00 -7.694443E-01
      3629 -2.999458E+00 -1.619901E+01  3.961696E+00
      3630 -4.111730E+00 -2.083901E+01  6.642125E+00
      3631  4.751784E+00 -2.947735E+01  6.383696E+00
      3632  8.677415E-01 -4.619769E+00  2.120392E+00
      3633  9.603464E-01 -2.002540E+00  1.546548E+00
      3638  5.121069E-01 -1.851130E+00  1.552342E+00
      3639  0.000000E+00  0.000000E+00  0.000000E+00
      3640  7.415116E-02 -4.413764E-01 -1.938954E-01
      3648 -8.120669E-01 -3.971699E+00  1.804940E+00
      3649 -6.186738E-01 -2.402569E+00  2.126959E+00
      3656 -5.587811E-01 -4.035944E+00  2.914536E+00
      3657  2.803076E-01 -5.221491E+00  2.360782E+00
      3658 -5.467082E-02 -3.795343E+00  1.140360E+00
      3659 -1.026901E+00 -3.736471E+00  1.224938E+00
      3660 -2.319597E-01 -4.391214E+00  1.512468E+00
      3661  0.000000E+00  0.000000E+00  0.000000E+00
      3662  5.478457E-02 -1.073258E+00 -5.998147E-02
      3663 -4.951038E-01 -1.794575E+00  9.813864E-01
      3664 -1.108622E-01 -3.876175E+00  9.113750E-01
      3665 -2.134380E-01 -1.962997E+00  7.310304E-01
      3666  5.476733E-01 -6.618535E+00  9.653607E-02
      3669 -5.014324E-01 -2.196812E+00  1.222280E+00
      3670 -4.174140E-01 -2.409293E+00  9.911427E-01
      3671 -1.619021E-01 -1.161778E+00  4.413888E-01
      3672 -6.623649E-02 -6.104073E+00  6.358933E-01
      3675 -2.158984E-01 -3.309302E+00  1.699523E+00
      3694 -1.224555E+00 -1.356120E+00 -4.559810E-02
      3695 -8.291266E-01 -1.239646E+00 -2.458000E-01
      3696 -1.010648E+00 -1.201926E+00 -6.915225E-02
      3701  1.402804E+00 -3.034072E+00 -1.168276E+00
      3705  1.918335E-01 -1.098099E+00 -4.092878E-01
      3706  8.056739E-01 -1.459744E+00 -6.430831E-01
      3707  9.509356E-01 -1.332110E+00 -8.573570E-01
      3708 -1.441223E+00  2.781626E+00 -1.166504E+00
      3709 -1.293620E+00  1.644423E+00 -4.023246E-01
      3719 -9.876086E-01 -2.140865E+00  7.026883E-02
      3720 -1.428485E+00 -4.188023E+00  9.186747E-02
      3724 -1.177620E+00 -1.569371E+00 -3.984696E-01
      3725  0.000000E+00  0.000000E+00  0.000000E+00
      3726  0.000000E+00  0.000000E+00  0.000000E+00
      3727 -1.317876E+00 -1.236253E+00  1.605623E-01
      3766  2.070151E+00  1.997460E+01  4.766223E+00
      3767  1.235575E+00  1.361283E+01  2.713598E+00
      3768  7.384123E-01  3.306769E+00  1.369466E+00
      3769 -1.420069E-01  2.265654E+00  1.415507E+00
      3770  3.178599E-01  1.045976E+00  7.011815E-01
      3771  3.906880E-01  1.015183E+00  7.543090E-01
      3772  7.505881E-02  1.328849E+00  6.569420E-01
      3773  3.090317E-01  1.108022E+00  3.902891E-01
      3774  3.139964E-01  1.664182E+00  5.643914E-01
      3775  4.174045E-01  2.311816E+00  3.972805E-01
      3776  4.879683E-01  7.544394E+00  1.569198E+00
      3777  4.359213E-01  2.621392E+00  8.008855E-01
      3778  6.800535E-01  6.423139E+00  1.048517E-01
      3779  2.342742E-01  1.432002E+00  2.594653E-01
      3780  1.089307E-01  6.164225E+00 -1.368383E-01
      3808  4.470497E-01  1.859042E+00  1.371524E+00
      3809  2.231976E-01  7.524380E-01  4.074289E-01
      3830  6.555302E+00 -1.919117E+01  5.446703E+00
      3831  2.943946E+00 -8.932563E+00  2.244628E+00
      3832  9.158014E-01 -2.786671E+00  1.473545E+00
      3845  0.000000E+00  0.000000E+00  0.000000E+00
      3846  0.000000E+00  0.000000E+00  0.000000E+00
      3847  0.000000E+00  0.000000E+00  0.000000E+00
      3848 -1.057828E+00  2.292945E+00  9.319457E-01
      3849  4.664207E-01 -1.284278E+00  5.491312E-01
      3850 -7.729566E-01  1.344623E+00  3.583026E-01
      3876 -6.874817E-01  1.041405E+00 -8.879179E-01
      3877 -1.354812E+00  2.715129E+00 -2.069299E+00
      3878 -7.859547E-01  1.462840E+00 -4.809287E-01
      3883  2.081710E-01 -3.974903E-01 -1.066202E+00
      3884  3.286909E-01 -3.518128E-01 -2.493182E+00
      3888 -1.393980E-02 -9.641306E+00  1.505648E+00
      3917 -4.994310E-01  3.228786E+00  9.171172E-01
      3918 -7.108216E-01  4.265167E+00  1.132232E+00
      3919  3.168133E-01  1.160816E+00  9.801748E-01
      3923  1.733532E+00  2.042653E+00 -3.496755E-01
      3924  1.379708E+00  1.914841E+00 -3.877411E-01
      3932 -4.180134E-01  2.785975E+00  1.404030E+00
      3933 -2.313610E-01  9.904892E-01  5.447991E-01
      3934 -4.095222E-01  6.033929E-02  6.071404E-01
      3969 -2.704923E-01  2.265289E+00  4.623663E-01
      3970 -6.479305E-01  4.641680E+00  6.486129E-01
      3973  5.233657E-01  1.989045E+00  9.960014E-01
      3974 -8.282923E-01  4.253148E+00  2.014288E+00
      3975  4.880852E-02  2.630676E+00  1.080496E+00
      3977 -2.959488E+00  9.179256E+00  1.476552E+00
      3978  7.359487E-01  2.643948E+01  6.319147E+00
      3979  4.611823E-01  1.796374E+00  1.138423E+00
      3980 -9.081307E-03  4.206558E+00  1.328647E+00
      3981  4.927699E-02  3.214890E+00  1.003138E+00
      3982 -8.240746E-01  4.216824E+00 -7.511761E-02
      3983  4.355170E-01  4.255676E+00  1.142921E+00
      3993 -1.169471E-02  4.388376E+00  5.487614E-01
      4046 -3.001712E-02 -8.936344E-01 -6.731301E-01
      4047  3.125413E-01  7.701121E-01 -2.475942E+00
      4057  1.131108E+00  1.956429E+00 -5.131237E-01
      4058  1.663390E+00  3.454471E+00 -2.193732E-01
      4063  1.750108E+00  3.165387E+00 -1.148419E+00
      5160  2.031130E-01 -5.949637E-01 -7.753786E-01
      5161 -3.397304E-02 -1.706129E-01 -3.220464E-01
      5162 -1.096681E-01 -1.045848E-01 -9.458819E-01
      5163 -8.896422E-01 -2.171015E+00 -8.387820E-01
      5164 -8.069767E-01 -1.862059E+00 -1.543673E+00
      5167  1.764768E+00  3.548807E+00 -2.968473E-01
      5170  1.564990E+00  3.153955E+00 -3.371062E-03
      5483 -2.486790E+00  2.015613E+01  1.807245E+00
      5484 -8.017141E-02  6.035869E+00  8.691880E-01
      5485  2.841782E-01  2.447741E+00  8.923385E-01
      5486 -1.075842E+00  4.872190E+00 -5.767450E-01
      5487 -3.342425E-01  2.863250E+00  5.212135E-01
      5488 -3.016418E-01  9.547004E-01  4.240791E-01
      5493  3.519265E-01  5.174257E-01 -2.204061E-01
      5503  2.893027E+00 -1.029634E+01  1.910458E+00
      5509 -5.963121E-01 -2.075526E+00  3.708517E+00
      5524  1.248712E-01  1.181186E+00  7.849915E-01
      5525 -1.691252E-01  7.346010E-01  1.053549E+00
      5612  4.895895E+00  1.305216E+01  3.896609E+00
      5615 -1.792252E-01 -1.768736E-01 -2.864732E-01
      5616  0.000000E+00  0.000000E+00  0.000000E+00
      5620 -1.149979E+00  5.411964E+00  2.303941E+00
      5621 -3.476282E+00  2.238312E+01  5.388074E+00
      5622 -1.033474E+00  1.712100E+01  3.627788E+00
      5623 -2.193373E+00  1.160888E+01  2.010117E+00
      5635 -2.235702E+00  5.262192E+00 -3.140242E-02
      5636 -2.197543E+00  5.429759E+00 -1.317105E+00
      5638 -1.903289E+00  4.291499E+00  2.413901E-02
      5701  3.984015E+00  7.578303E+00  1.401323E-01
      5702  1.568516E+00  2.799471E+00 -5.615558E-01
      5776  1.652655E-01  6.460001E-01 -4.163247E-01
      5777  6.835587E-01  3.652083E+00 -3.460300E+00
      5778 -2.071793E-02  2.767660E+00  4.149037E-01
      6003  1.465025E+00 -3.368260E+00 -3.079839E-01
      6004  1.731395E+00 -3.211329E+00 -4.437914E-01
      6039  6.569768E-02  4.907096E-02 -2.306509E-03
      6048 -2.477523E+00 -3.039380E+00  5.311146E-01
      6075 -1.829351E-01  1.873568E+00  6.462157E-01
      6076  0.000000E+00  0.000000E+00  0.000000E+00
      6157  1.728762E-01 -2.882586E+00  7.701861E-01
      6158 -1.193264E-01 -2.937549E+00  1.467090E+00
      6160 -5.642130E+00 -1.164966E+01  3.988073E+00
      6161 -1.078956E+00 -7.824268E+00  3.259469E+00
      6162 -1.663992E-01 -2.308167E+00  2.538170E+00
      6163 -2.947692E-01 -1.785556E+00  1.442439E+00
      6165 -8.850284E-01 -7.113387E+00  1.581052E+00
      6176  9.762308E-01 -9.041129E+00  2.994268E+00
      6181 -3.279912E+00 -1.117884E+00  8.919759E-01
      6182 -5.702097E-02 -1.350507E+00  5.882161E-01
      6192  1.053707E+00 -3.763174E+00  5.555073E-01
      6194 -1.050774E-02 -1.646539E+00  9.668952E-01
      6195  4.098261E-01 -3.462365E+00  8.221128E-01
      6196  3.892927E-01 -2.086552E+00  6.315070E-01
      6199 -1.099940E-01 -2.792174E+00 -2.853307E-01
      6200  3.295004E-01 -2.723269E+00  4.835778E-01
      6202  1.073738E+00 -8.090207E+00  1.498613E+00
      6239 -2.389287E-01  2.270997E-01 -2.028589E-02
      6240 -1.119264E+00 -1.880286E+00  1.227726E+00
      6241 -2.512940E-01 -1.926910E+00  7.430592E-01
      6245 -3.370253E-01 -4.309287E+00  9.503324E-01
      6246  9.900891E-01 -6.097911E+00  8.340433E-01
      6254  4.221025E-01 -2.380891E+00  1.111002E+00
      6255  2.532403E-01 -1.774208E+00  1.087122E+00
      6256  7.721490E-02 -1.175565E+00  6.069506E-01
      6257  1.762516E-01 -3.296354E+00  1.683141E+00
      6258  5.093492E-01 -1.100109E+00  1.082075E+00
      6259  1.977895E-01 -3.088489E+00  1.015484E+00
      6260  5.423799E+00 -1.056592E+01  3.035234E+00
      6261  9.850905E-01 -2.529870E+00  1.887509E+00
      6377  1.237364E+00  3.985296E+00 -1.758571E+00
      6378  1.566509E+00  4.133938E+00 -1.462402E+00
      6379  3.407554E-01  1.046832E+00 -4.668994E-01
      6400 -3.256028E+00  8.044215E+00  5.289069E-02
      6401  0.000000E+00  0.000000E+00  0.000000E+00
      6402 -3.404916E-01  4.807679E-01  3.542811E-01
      6403  8.174752E-02 -1.157628E-01 -3.183980E-02
      6404  2.726367E+00 -6.601112E+00 -2.577724E+00
      6405  3.037454E+00 -1.477411E+01 -1.670399E+00
      6407  1.089570E+00  4.523933E-01  1.591329E+00
      6420 -1.340597E+00 -2.069828E-01 -3.085444E-02
      6421 -3.481314E+00 -6.752060E+00 -1.380338E+00
      6422 -2.637180E+00 -9.238262E+00 -3.237191E+00
      6423 -1.293505E+00 -8.266937E-01  4.795135E-01
      6428 -1.106451E+00  1.164060E+00 -1.613940E-01
      6433 -7.471327E-01 -1.315248E+00  4.698942E-01
      6435  1.552136E+00  1.810363E+00 -4.078975E-01
      6436 -6.977097E-01 -9.762520E-01 -2.612095E-01
      6437  3.031029E-01  7.475948E-01  5.021167E-01
      6438  0.000000E+00  0.000000E+00  0.000000E+00
      6439 -5.478607E-01 -9.787553E-01 -8.133881E-01
      6721 -1.197809E-01 -2.480808E+00  1.512318E+00
      6744 -1.376625E+00 -5.030460E+00  2.346921E-01
      6745  0.000000E+00  0.000000E+00  0.000000E+00
      6749  3.272951E-01 -4.319988E+00  1.184269E+00
      6788 -8.004972E-01 -3.019946E+00 -1.874428E-01
      6789 -5.157928E-02 -3.133283E-01 -7.250322E-01
      6790 -2.697545E-03 -7.308835E-01  6.023982E-01
      6791  1.728192E-01 -2.531412E+00  1.269754E+00
      6792  6.460279E-01 -3.516801E+00  7.785321E-01
      6793 -4.157606E-01 -9.498340E+00  2.472131E+00
      6795 -6.352975E+00 -2.413606E+01  4.451024E+00
      6798 -2.404385E+00 -8.043184E+00  1.833507E+00
      6799  9.142779E-02 -3.310062E+00  1.084681E+00
      6800  1.458837E+00 -1.056460E+01  1.851720E+00
      6801  3.522830E-02 -1.986411E+00  9.218180E-01
      6803  3.065107E-01 -7.535536E+00  2.117444E-01
      6804 -3.343020E-01 -6.894014E+00  6.997043E-01
      6819  7.971903E-01 -4.654066E+00  5.877868E-01
      6825  1.064075E-02 -3.107366E+00  1.027578E+00
      6827 -6.275280E-01 -8.516621E-01 -3.052691E-01
      6828 -6.493854E-01 -1.713623E+00 -2.396103E-01
      6830 -6.874310E-01  3.070054E+00  4.652653E-01
      6841  1.405108E-01 -7.146460E-02 -1.763789E-01
      6842  1.862577E+00 -6.156652E+00 -2.595232E+00
      6865 -1.373506E+00  3.696756E+00 -1.262761E+00
      6866 -2.455273E+00  7.761396E+00 -3.594230E+00
      6880  1.399155E+00 -1.046365E+00  7.547964E-02
      6881 -7.508710E-01  2.175953E+00 -7.371272E-01
      6882 -1.878455E-01 -4.960922E-01 -1.134792E+00
      6883  3.178028E-01  1.269762E+00 -1.006228E+00
      6884 -3.206733E-01 -1.241806E+00 -2.490232E+00
      6916  2.954563E-01 -5.762275E-01  1.696593E-01
      6917  9.217195E-01 -3.357002E-01 -4.129625E-01
      6918 -4.618873E-01 -8.775286E-01 -1.560646E+00
      6930  0.000000E+00  0.000000E+00  0.000000E+00
      6940  2.853083E+00 -4.304752E+00 -7.845679E-01
      6941  7.055275E-01 -4.700478E-01 -1.957966E-01
      6944 -2.308040E+00 -3.759278E+00 -6.788079E-01
      6945 -8.621305E-01 -1.347682E-01 -4.891459E-01
      6946 -2.972654E+00 -5.826056E+00 -1.012112E+00
      6965  6.567953E+00 -7.380320E+00  2.098883E+00
      6988 -1.481553E+00  2.345377E-01  1.175349E-01
      6993  0.000000E+00  0.000000E+00  0.000000E+00
      6994  0.000000E+00  0.000000E+00  0.000000E+00
      6999 -4.178886E-01 -3.072082E-01 -1.242890E-01
      7025  1.602979E+00  3.242580E+00 -1.965314E+00
      7145  3.849598E-02 -4.199952E-02 -8.139881E-01
      7155  3.091949E-02 -7.819998E-02 -1.349819E+00
      7183 -1.514059E-01 -4.277255E-01 -4.502697E-01
      7184 -3.813007E-01 -6.000074E-01 -3.980228E-01
      7185  3.662049E-01  3.653598E-01 -2.273141E-01
      7186 -6.312504E-01 -1.823691E+00  6.671074E-01
      7250  1.075795E+00 -5.334762E+00 -2.220421E+00
      7251  5.802069E+00 -6.066349E+00 -1.036126E+00
      7256 -1.484462E+00 -3.194426E+00 -4.769381E+00
      7265 -3.913871E-01 -2.260518E+00  7.786436E-01
      7266 -7.529835E-01 -1.595167E+00  1.976933E-01
      7267 -4.113784E-01 -4.319271E+00 -1.522783E-01
      7268 -3.851221E-02 -1.427924E+00  2.087004E-01
      7269  0.000000E+00  0.000000E+00  0.000000E+00
      7282  5.532867E-01 -1.252800E+00  1.148374E+00
      7288 -3.215929E-01 -3.921899E-01 -2.131162E-01
      7953 -1.958023E-01  2.084718E+00 -3.290773E-01
      7974  3.387439E+00  6.001221E+00 -4.393934E-01
      7975  1.880235E+00  2.111494E+00  5.080168E-01
      7983  2.367474E-01 -4.334589E-01 -5.216447E-01
      7984  2.828164E-03 -3.727358E-01 -1.071923E+00
      7985  4.315370E-01 -1.051324E+00  5.504919E-01
      7993 -3.793443E+00 -6.355261E+00  1.288175E+00
      7996 -1.028985E+00 -7.551127E-01  2.623798E-01
      7997 -1.850977E+00 -1.603801E+00  8.492761E-02
      8063 -3.745889E+00 -7.073930E+00  8.077915E-02
      8072  1.091292E+00  1.232162E+00 -3.935818E-01
      8073  9.123282E-01 -3.005485E+00 -1.626983E+00
      8078  9.437822E-01 -2.066228E+00  9.390926E-01
      8079 -3.025140E-01 -3.707890E+00  9.933676E-01
      8092  6.748813E-01 -4.668027E+00  2.458867E+00
      8099 -7.587330E-01 -2.258101E-01  1.827020E-01
      8236  4.982952E-01  4.041462E+00  1.895893E-01
      8237 -1.340988E+00  3.776165E+00  5.919922E-01
      8731  1.150690E+00  3.586466E+00 -5.444902E+00
      8897 -1.607606E+00  4.377235E+00 -4.595617E-02
      8927  9.531275E-01  2.733127E+01  6.696960E+00
      8928 -1.118964E-01  2.801203E+00  1.212609E+00
      9013 -2.635176E-01  2.602126E+00  4.221464E-01
      9014 -6.835123E-01  2.101300E+00  7.265420E-01
      9015 -2.902985E-01  3.094897E+00  1.265369E+00
      9017 -2.622192E-01  3.444825E+00  1.198452E+00
      9018  7.751510E-02  1.975279E+00  8.004448E-01
      9019 -1.124334E+00  4.690134E+00  6.914790E-01
      9041 -6.878403E+00  1.332088E+01  4.383235E+00
      9043 -3.606887E+00  1.277049E+01  4.985394E+00
      9081 -4.586684E-02  6.043830E+00  9.596241E-01
      9127 -3.113526E-01  2.750285E+00  1.052853E+00
      9128 -1.256298E+00  1.132813E+01  1.612721E+00
      9138 -1.021067E+00 -3.800478E-01 -4.983765E-01
      9139  0.000000E+00  0.000000E+00  0.000000E+00
      9140  0.000000E+00  0.000000E+00  0.000000E+00
      9141 -3.735272E-01 -3.603002E+00  1.024393E+00
      9146  2.504412E-01 -1.053283E-01 -3.134485E-01
      9172 -1.479534E-01  4.495054E+00  5.067832E-01
      9199  2.205581E+00  5.245045E+00 -1.416151E+00
      9205  3.035747E-03 -1.566787E-01 -1.551718E-01
      9215 -7.279753E-01  3.644864E+00  1.379139E-02
      9278  6.331841E-03  1.024681E-02 -1.536636E-02
      9279  0.000000E+00  0.000000E+00  0.000000E+00
      9280  6.946432E-01  2.053721E+00 -1.723917E-01
      9309  1.657316E+00 -4.403777E+00 -2.158770E-01
      9333 -9.730856E-02  7.572801E+00  3.573330E-01
      9337  5.509963E-01 -1.702789E+00 -6.141042E-01
      9338  6.506251E-01 -4.389502E+00  1.756141E+00
      9417  6.542980E-01  2.650620E-02 -3.273673E-01
      9418 -2.265202E-02 -2.809850E-02 -1.490193E-02
      9419  0.000000E+00  0.000000E+00  0.000000E+00
      9420  0.000000E+00  0.000000E+00  0.000000E+00
      9422 -5.238116E-01  1.870078E+00  1.027671E+00
      9437  8.973482E-01 -3.671985E+00 -7.784393E-01
      9453 -2.457396E+00 -3.648991E+00  6.139189E-01
      9454  0.000000E+00  0.000000E+00  0.000000E+00
      9455 -5.715995E-01 -6.674216E+00 -9.138871E-01
      9460  9.559630E-01 -8.448285E+00 -2.047705E+00
      9461  5.215870E+00 -5.411080E+00  1.362533E+00
      9462  6.262826E-01 -5.680147E-01 -1.313045E-01
      9463  3.343772E-01 -2.236539E+00 -7.266974E-01
      9464  4.304006E-01 -2.404901E+00 -4.790469E-01
      9485  2.233173E-01  5.243702E-01  2.872281E-01
      9486  0.000000E+00  0.000000E+00  0.000000E+00
      9487  3.428415E-01 -1.853764E-01 -6.319586E-01
      9488  0.000000E+00  0.000000E+00  0.000000E+00
      9489  1.341759E+00 -5.056623E+00  4.868964E-01
      9490  1.000638E-01 -9.638770E-02 -1.514866E-01
      9491  2.992715E-01 -9.444169E-01  1.568567E-01
      9495  6.719680E-01 -1.716985E+00  6.858583E-02
      9534  0.000000E+00  0.000000E+00  0.000000E+00
      9638  2.016973E-01 -2.111512E-01  8.953968E-02
      9661  0.000000E+00  0.000000E+00  0.000000E+00
      9662  4.101517E-01  1.751997E-01  1.293133E-01
      9663 -1.818252E+00 -3.544583E+00 -2.452992E+00
      9666 -7.753214E-01 -3.214709E+00 -3.068451E-01
      9667 -7.548913E-01 -1.802277E+00 -7.344189E-01
      9669 -8.690243E-01 -3.165634E-01 -5.076822E-01
      9670 -5.293755E-01 -3.594421E+00 -1.435288E-01
      9671 -6.481428E-01 -1.333544E+00 -5.753835E-01
      9736  1.630848E-01  1.346901E+01  1.653056E+00
      9743 -2.467721E-01 -1.695247E-01 -1.779760E-01
      9780 -8.727145E-01 -3.211676E+00  4.155724E-01
      9793  0.000000E+00  0.000000E+00  0.000000E+00
     10048 -9.120467E-01 -2.102066E+00  1.283469E+00
     10073 -6.644923E-02 -1.350047E-01 -1.337765E+00
     10100  4.107379E-01 -2.380199E+00 -2.019426E-03
     10161 -9.441743E-01 -2.837479E+00  5.329397E-01
     10162 -1.496466E-01 -1.120862E+00  6.749195E-01
     10169  2.141637E+00  9.668976E+00  2.299886E+00
     10194 -7.252957E-02  1.894468E+00 -3.085848E+00
     10228 -1.374183E-01 -1.182938E+01  4.048788E+00
     10231  7.543620E-01 -4.981497E-01 -1.992187E-01
     10260  0.000000E+00  0.000000E+00  0.000000E+00
     10454  3.196533E+00 -5.693029E+00 -9.336880E-01
     10461  0.000000E+00  0.000000E+00  0.000000E+00
     10514 -8.507596E-01 -1.557244E+00  7.268348E-02
     10515 -3.841819E-01 -7.227764E-01 -2.321958E-01
     10521 -2.902751E-01  4.677658E-01 -4.053104E+00
     10524  0.000000E+00  0.000000E+00  0.000000E+00
     10606  7.203295E-01 -1.123176E+00 -1.937270E+00
     10609  7.073613E-01 -4.169290E+00 -4.112194E+00
     10628 -1.147956E+00 -1.496693E+00  9.237884E-01
     10656 -7.470607E-01 -1.477763E+00  1.644729E+00
     10660 -1.154601E+00 -8.352635E-01  1.105084E+00
     13435  2.999841E-01  8.399946E-01 -4.877722E-01
     13436  3.826133E-01  7.797743E-01 -3.372653E-01
     13437 -7.896520E-01 -1.201109E+00  4.449034E-01
     13438  3.406943E-01  4.458158E-01 -9.735934E-02
     13439 -7.254522E-01 -1.222003E+00 -2.262683E-01
     13440 -8.005081E-01 -1.492757E+00 -3.042916E-01
     13473 -5.400882E-01 -1.264121E+00  3.935963E-03
     13542  1.319708E-01 -1.860287E-01  2.384877E-02
     13543 -1.313495E-01  2.544916E-02 -1.624025E-02
     13546  1.148280E-01 -1.260237E-01 -1.722664E-02
     13547  0.000000E+00  0.000000E+00  0.000000E+00
     13563  5.866387E-01  9.915801E-01  2.147499E-02
     13570 -1.899490E-02  6.383286E-02 -1.714581E-01
     13571  6.816450E-02 -3.281698E-02 -5.956568E-02
     13573 -2.017807E-01  7.604716E-02  2.163945E-02
     13574  0.000000E+00  0.000000E+00  0.000000E+00
     13575  0.000000E+00  0.000000E+00  0.000000E+00
     13576  0.000000E+00  0.000000E+00  0.000000E+00
     13577  0.000000E+00  0.000000E+00  0.000000E+00
     13578  0.000000E+00  0.000000E+00  0.000000E+00
     13579 -1.172280E+00 -2.138077E+00 -4.402278E-01
     13588 -4.098300E-01 -8.267507E-01  1.073473E-01
     13590 -7.479974E-01 -1.544301E+00 -7.136234E-01
     13600 -3.707781E-02 -2.418360E-01 -5.046615E-01
     13601  1.097165E-01 -2.952205E-01 -4.110360E-01
     13602  0.000000E+00  0.000000E+00  0.000000E+00
     13603 -1.280295E-02 -3.283475E-01 -2.029901E-01
     13607  0.000000E+00  0.000000E+00  0.000000E+00
     13630  0.000000E+00  0.000000E+00  0.000000E+00
     13631 -1.290222E-01 -3.914897E-01  3.096036E-02
     13678  0.000000E+00  0.000000E+00  0.000000E+00
     13684  0.000000E+00  0.000000E+00  0.000000E+00
     13685 -3.293318E-01  9.248745E-01  4.477214E-01
     13697  0.000000E+00  0.000000E+00  0.000000E+00
     13698  0.000000E+00  0.000000E+00  0.000000E+00
     13699  6.683137E-02  2.537593E-01 -1.422931E-03
     13700  0.000000E+00  0.000000E+00  0.000000E+00
     13737 -1.917482E+00  2.237016E+00 -3.480506E-01
     13739  0.000000E+00  0.000000E+00  0.000000E+00
     13771  0.000000E+00  0.000000E+00  0.000000E+00
     13772 -1.593792E-01  7.931122E-02  1.011821E-01
     13782 -8.101124E-02  1.044996E-01 -5.314686E-02
     14300  0.000000E+00  0.000000E+00  0.000000E+00
     14301  0.000000E+00  0.000000E+00  0.000000E+00
     14307 -3.672584E-01  1.374418E-01 -3.360052E-02
     14362  4.766606E-01 -9.775590E-01  1.964563E-01
     14363  6.959026E-01 -1.547096E+00 -5.423803E-02
     14364  0.000000E+00  0.000000E+00  0.000000E+00
     14365 -1.862842E-01  1.519800E-01  3.526661E-02
     14378  2.454120E+00 -4.415275E+00 -1.811637E+00
     14379  3.402762E-01  1.392803E-01  1.376887E-01
     14380 -9.581367E-01  6.112264E-01  1.288187E-01
     14381  4.704211E-01 -4.253838E-01  1.225354E-02
     14382  2.231201E-01 -1.132521E-02 -1.996973E-01
     14383  3.046888E-01 -5.878036E-01 -2.940961E-01
     14479  3.668995E-01  9.029618E-02  1.025518E-01
     14644  1.268378E-01 -3.752733E-01  2.029903E-01
     14647 -5.825789E-01 -2.134534E+00 -1.168879E-01
     14648 -2.987225E-02 -5.633094E-02  1.714320E-01
     14654  0.000000E+00  0.000000E+00  0.000000E+00
     14694 -2.088522E-02 -7.104660E-02  2.252752E-02
     14702 -4.687328E-02  1.147525E-02  3.106180E-02
     14768  0.000000E+00  0.000000E+00  0.000000E+00
     14781  2.057919E-01 -1.444307E-01 -1.166489E-01
     14782  0.000000E+00  0.000000E+00  0.000000E+00
     14788  0.000000E+00  0.000000E+00  0.000000E+00
     14789 -2.905349E-03  5.232633E-03  4.225325E-03
     14790  1.011713E-02 -1.511418E-01 -9.488439E-02
     14795 -6.688460E+00 -8.835358E+00  1.521494E+00
     14800 -4.296063E+00 -7.673903E+00  3.972476E+00
     14802 -2.967695E+00 -4.781751E+00  4.110413E-01
     14805 -1.572173E+00 -1.108291E+00  6.054937E-01
     14814  5.825150E-01 -6.671161E-01  2.106169E-02
     14876  6.609852E-01 -1.163443E+00  7.422199E-01
     14877  1.055931E+00 -1.063789E+00  7.950576E-01
     14878  5.376852E-01 -7.828613E-01  1.195856E+00
     14880  3.979960E-02 -4.120136E+00  4.444078E-01
     14882  6.179976E-01 -2.528585E+00  4.329560E-01
     14883  1.133726E+00 -2.980976E+00  7.977580E-02
     14885  1.191906E+00 -1.029039E+00  3.675803E-01
     14886  9.422220E-01 -1.542399E+00  4.498186E-01
     14887  8.654687E-01 -7.891645E-01  2.168911E-01
     14889  3.286824E+00 -4.133630E+00  7.543254E-02
     14907  4.140508E+00 -5.292458E+00  1.315028E+00
     14908  5.543029E+00 -6.763090E+00  1.866783E+00
     14928 -3.384112E-03 -6.755108E-01  1.115567E+00
     14929 -7.542967E-01  2.350266E+00 -1.981401E+00
     14955  3.244958E-01 -3.497555E+00  5.693610E+00
     14959 -4.397104E-01 -9.176306E+00  5.704832E-01
     14968 -4.399387E-02 -1.515924E+01  1.857049E+00
     14981  1.356720E-01 -7.997737E+00  7.909337E-01
     14982 -1.331634E+00 -5.807382E+00  2.173824E+00
     14983  1.920887E+00 -1.070840E+01 -2.644578E+00
     14985 -1.418985E+00 -2.427152E+01  2.441524E+00
     14986  7.554134E-01 -2.975542E+00  2.268435E+00
     14987 -1.599727E-01 -1.595349E+00  7.755154E-01
     14989  0.000000E+00  0.000000E+00  0.000000E+00
     14990  0.000000E+00  0.000000E+00  0.000000E+00
     14991  1.640066E-01 -4.624258E+00  1.368728E+00
     14992  0.000000E+00  0.000000E+00  0.000000E+00
     14993 -2.024182E-01  2.207697E-01  5.839110E-01
     14994  2.550741E-01 -2.036541E+00 -1.749089E-01
     14995  5.352049E-03  1.099802E-03  5.487429E-02
     15668  0.000000E+00  0.000000E+00  0.000000E+00
