
                        S T E P       1


                                INCREMENT     1


 forces (fx,fy,fz) for set NPROX and time  0.1000000E+01

       139  1.841148E+01 -4.659934E+01  2.551315E+01
       140  6.620862E+00 -2.497832E+00  2.926377E+00
       141  2.007831E+00 -1.178726E+01  3.157142E+00
       161 -4.920338E-01 -4.386048E+00  2.525470E-01
       162 -1.006778E-01 -7.655681E+00  1.308257E+00
       203 -7.059893E-01  3.386926E+00 -1.598752E+00
       204 -3.753723E+00 -9.566590E+00 -3.907100E+00
       205 -1.608105E+00 -5.134021E+00 -2.858204E-01
       280 -1.320231E+00 -2.353895E+00  2.960801E-01
       281  3.918753E-01  5.206318E-01 -1.422729E-01
       282 -1.431638E+00 -1.772634E+00  2.849166E-02
       339  1.516861E+00  1.777125E+00 -6.774601E-01
       340  4.461654E+00  1.215384E+01 -2.148602E+00
       341  3.136409E+00  6.835003E+00 -1.326857E+00
       343 -8.624179E-01 -3.349500E+00 -8.932151E-01
       368  1.843546E-01  6.396531E-01 -2.855958E-01
       369 -3.847884E-01 -7.734873E-01  5.117986E-02
       409  7.017440E-01  9.485755E-01 -4.660233E-01
       410  6.337036E-01  1.048670E+00 -8.641609E-01
       411  7.529734E-01  1.195828E+00 -9.270553E-01
       415 -3.325305E+00  7.977793E+00  2.144114E-02
       417 -1.848153E+00  4.926735E+00 -1.382159E+00
       436 -2.212778E-01 -1.259416E-01 -3.286782E-01
       437 -3.713309E-01  1.795532E+00 -4.783812E-01
       438 -1.627332E-01  2.330346E-02 -9.192803E-01
       517  1.181684E+00 -3.226782E+00 -7.043395E-01
       518 -2.519207E+00 -1.217981E+01  3.025118E+00
       519  1.033546E-01 -5.293383E+00  1.471092E+00
       577  9.892735E-01  1.711258E+00  3.348732E-01
       578  7.298893E-01  4.691704E-01  1.153262E-01
       579  1.494786E+00  7.074293E-01  2.748889E-01
       609 -6.277447E-01 -3.611709E+00  4.181840E-01
       626 -8.879876E-01 -1.189443E+00 -1.522936E-01
       627 -9.712823E-01 -1.043237E+00 -2.601752E-01
       628 -3.904959E-01 -6.476056E-01 -7.062700E-01
       656 -3.290419E-01 -3.795411E+00 -3.671240E-01
       694 -3.333867E-01 -2.919310E+00  1.919827E+00
       695 -1.132281E-01 -2.513253E+00  5.550167E-01
       696 -3.317357E-02 -2.392534E+00  4.219230E-01
       813  1.168070E+00 -2.114645E+01  5.941032E+00
       814 -1.945239E+00 -1.075686E+01  2.929951E+00
       850  5.800517E-01  6.005467E+00  3.266853E-01
       911 -4.844255E-01  5.733318E-01 -6.985301E-01
       955 -1.882065E+00  4.636587E+00  3.246569E-02
       956 -2.083681E+00  4.444998E+00 -8.453422E-01
       987 -3.826274E+00 -4.051162E+00  1.368837E+00
      1029 -7.170977E-01  3.560494E+00  1.499438E+00
      1030 -1.776821E+00  7.724744E+00  1.308505E+00
      1031 -6.216941E-02  3.557149E+00  4.112533E-01
      1038  1.525412E+00  2.404632E+00 -2.112943E-01
      1039  1.284480E+00  1.636172E+00 -5.178827E-02
      1040  1.387508E+00  1.766301E+00 -8.912792E-01
      1075 -4.632809E-01 -1.265631E-01 -1.806792E-01
      1076  0.000000E+00  0.000000E+00  0.000000E+00
      1077  0.000000E+00  0.000000E+00  0.000000E+00
      1182 -2.351265E+00  5.111685E+00 -1.394517E+00
      1209  6.208423E-01  2.063405E+00  1.757865E-01
      1211 -3.256130E-01  1.636502E+00  2.441935E-01
      1337  4.176734E-01  1.651182E+00  1.650117E-01
      1369 -2.127924E-01 -3.751047E-01 -1.736423E-01
      1370  9.757875E-02  1.366753E-02  4.460815E-02
      1382 -6.289412E-01  2.993867E+00  8.435126E-01
      1383  2.671903E-01  2.249055E+00  1.191996E+00
      1384  3.319821E-01  4.190977E+00  1.056505E+00
      1408 -8.971589E-01 -3.829076E+00  9.560456E-01
      1409 -1.483362E-01 -2.041891E+00  7.168968E-01
      1432  9.422207E-01  2.631780E+00  3.369156E-01
      1433  6.013013E-01  2.024758E+00  2.197154E-01
      1458 -1.635510E+00  2.138451E+00 -1.651913E-01
      1572 -1.479910E+00 -5.781598E+00 -7.643104E-01
      1624  1.057697E+01 -7.954265E+00  2.158498E+00
      1625  1.437447E+00  1.318442E+00 -6.104376E+00
      1626 -3.196656E-01  3.394307E-01 -6.166122E-01
      1679  8.891560E-01  2.015207E+01  2.808815E+00
      1680  1.641495E+00  2.354984E+01  3.520202E+00
      1681 -2.171097E-02  4.250103E+00  1.702902E+00
      1688  8.246721E-01  2.138041E+00 -1.484742E+00
      1774 -1.065725E+00  2.535320E+00 -1.994204E-01
      1775 -1.118259E+00  1.274405E+00 -5.794878E-01
      1776 -7.761483E-01  1.661351E+00 -6.401481E-01
      1806  4.128752E-01  1.472068E+00 -1.368771E+00
      1808 -6.153525E-01 -1.059725E+00 -7.042528E-01
      1812  4.327318E-01 -1.634536E+00  6.816088E-01
      1813  1.703943E-01 -2.101653E+00  1.169558E+00
      1814  1.888136E-01 -1.625926E+00  4.742716E-01
      1848 -2.975534E-01 -6.408504E-01 -4.641522E-01
      1857 -2.671060E-03 -6.652415E-04  9.429957E-03
      1858  8.189581E-02 -3.294053E-02 -1.248332E-01
      1859 -6.582186E+00 -7.937317E+00  1.458395E+00
      1860 -2.082460E+00 -4.910827E+00  1.511652E+00
      1861 -1.772491E+00 -9.724317E-01  4.191279E-01
      1913 -1.042738E+00  1.418829E+00  1.787839E-01
      1914 -8.489425E-01  5.518232E-01  4.852889E-01
      1915 -3.896186E-01  1.521891E+00  4.020848E-01
      1976 -5.173031E-01  2.363346E+01  5.662621E+00
      1981  7.188722E+00  1.387723E+01  4.966064E+00
      1996 -3.984535E+00  7.984384E+00 -2.114607E+00
      1997 -1.221748E+00  1.857770E+00 -8.979147E-01
      1998 -3.205420E-01  8.426590E-01 -3.882260E-01
      2019  1.040354E+00  1.413660E+00 -6.421676E-01
      2034 -8.183468E-01  2.454816E+00 -2.257151E+00
      2035 -4.927694E-01  1.294749E+00 -5.992818E-01
      2087 -2.295413E-01 -2.151293E+00  6.173836E-01
      2088 -1.549391E-01 -1.269546E+00  4.009987E-01
      2089  2.187639E-01  9.740902E-01  4.575715E-01
      2093 -3.511593E-01  1.132478E+00 -1.133500E+00
      2140  7.744639E-01  5.326835E-01 -4.073586E-01
      2142 -1.861633E+00  3.536169E+00 -2.389054E+00
      2176  6.000453E-01  1.386250E+00 -1.649521E-01
      2191  1.134611E+00  1.519408E+00 -8.810579E-02
      2212 -2.015374E-01 -2.891271E+00  1.615406E+00
      2253 -1.346348E+00 -1.570123E+00  1.459246E+00
      2269  9.374550E-02 -3.368408E-01 -9.761339E-01
      2270  6.609707E-01 -1.553806E+00 -1.103735E+00
      2271  8.907765E-01 -1.720398E+00 -2.296270E+00
      2308 -1.767854E-01 -1.688251E+00 -1.702784E-01
      2327 -9.887079E-02 -1.587566E+00  3.891705E-01
      2328 -8.991243E-01 -5.089208E-01  1.022539E-01
      2450 -1.144632E-01 -1.161993E+00  3.486092E-01
      2451 -2.024291E-01 -2.210444E+00 -1.861293E-01
      2508  6.607580E-02 -2.984733E+00 -4.719411E-01
      2562 -1.499731E+00 -3.901728E+00 -1.014378E-01
      2575 -1.981656E-01  1.018700E+00  6.380017E-01
      2576 -3.587420E-01  2.746564E+00  1.243747E-01
      2577 -3.182810E-01  3.912490E+00  8.717351E-01
      2591  3.623195E-02  3.707336E+00  5.587177E-01
      2592 -3.408699E-01  4.933018E+00  7.387184E-01
      2593 -5.952942E-01  3.809143E+00  2.120130E+00
      2679  1.015690E+00  1.479566E+00 -8.120416E-01
      2680  1.615704E+00  3.650260E+00 -7.439016E-01
      2768 -2.211174E+00 -5.124213E+00 -2.520382E+00
      2795 -6.812006E-01  7.061107E-01 -7.523460E-01
      2796 -6.369756E-01  1.737738E+00 -2.581778E-01
      2797 -5.277966E-01  4.748507E-01 -1.040215E+00
      2862  2.512964E+00 -7.151954E+00  3.194643E+00
      2940 -5.364007E-01 -3.877630E+00 -1.058751E-01
      2951 -1.592205E+00  2.195031E+00 -4.718115E-01
      3010  2.536939E-02  3.246504E-01 -1.197709E-01
      3011  3.522303E-01 -4.304651E-01 -1.094886E-01
      3012  0.000000E+00  0.000000E+00  0.000000E+00
      3024 -4.076291E-03 -2.709836E-01 -1.734347E-01
      3025 -5.651294E-02 -3.191413E-02 -7.911293E-02
      3026  2.817895E-01 -6.648791E-01 -7.685070E-01
      3027 -7.826005E-01 -1.958859E+00  1.256423E+00
      3028 -1.043980E+00 -2.819434E+00  5.386101E-01
      3029  1.828003E-01 -6.183521E-01  5.944765E-01
      3050  3.394448E-01 -1.604894E+00  8.305991E-01
      3112  7.971623E-01  6.025401E-01  3.637899E-01
      3113  6.421786E-01  7.532127E-01  3.421895E-01
      3114  5.311468E-01  4.001771E+00 -1.864389E+00
      3115  8.250784E-01  3.645972E+00 -1.283460E+00
      3145 -9.630963E-02  4.513327E-01 -9.052209E-01
      3146 -2.968853E-01  7.973227E-01 -2.173426E+00
      3167  1.446611E-01 -5.407418E+00  3.376264E-01
      3170  3.381267E+00 -2.098679E+01  8.068569E+00
      3171 -1.654650E-03 -8.952234E+00  4.893142E+00
      3172  6.045482E-01 -9.141717E+00  5.441659E+00
      3173  9.835929E-02  5.301667E-02 -1.081277E+00
      3174 -5.384475E+00  2.169872E+00 -1.625833E+00
      3175  2.377100E+00 -4.552735E+00 -3.356772E+00
      3189  7.532323E-01  1.108267E+00  9.143289E-02
      3199 -8.363827E-02 -2.904197E+00  1.971934E-01
      3292 -5.546294E-01  7.021190E-01 -6.751371E-02
      3293 -1.533309E+00  1.860489E+00 -5.423614E-01
      3312 -8.042452E-01 -3.563205E+00  7.332350E-01
      3371 -1.473429E-01  3.037753E+00  4.046262E-01
      3372 -2.350170E-01  1.856377E+00  8.500000E-01
      3373 -4.527482E-01  2.880895E+00  1.087441E+00
      3445  2.424149E+00  6.820799E+00 -2.373456E+00
      3446  1.208658E+00  1.498775E+00 -2.549016E-01
      3541 -1.192140E+00  4.885914E+00  1.246331E+00
      3542 -2.417073E+00  1.364147E+01  3.091317E+00
      3543 -5.424110E-01  3.189507E+00  4.287013E-01
      3586 -9.969842E-01 -1.069625E+00  9.631782E-02
      3614  7.655327E-01 -9.466623E-01 -2.691714E+00
      3652  1.424301E-01 -1.421019E-01 -1.536809E-01
      3698  3.613391E+00  1.300750E+01  3.804991E+00
      3767  0.000000E+00  0.000000E+00  0.000000E+00
      3768  0.000000E+00  0.000000E+00  0.000000E+00
      3776 -4.423498E+00 -6.166212E+00  1.422472E+00
      3810 -4.879872E+00  2.290096E+01  2.659488E+00
      3814  8.023928E-01 -1.484193E+00  1.000518E+00
      3815  1.896357E+00 -4.939140E+00  2.635080E+00
      3906  3.626134E-01  1.181792E+00 -7.030814E-02
      4011  2.020993E+00  4.259424E+00 -2.096151E+00
      4012  1.106699E+00  3.091592E+00 -1.653802E+00
      4014 -5.613810E+00 -1.439556E+01  6.334781E+00
      4015 -5.378424E+00 -2.367918E+01  7.365747E+00
      4016 -9.274591E-01 -3.070335E+00  1.627821E+00
      4048  4.363145E+00  8.925241E+00  2.972060E-02
      4124  1.900511E-01 -2.782436E-01 -5.487709E-01
      4125 -6.954792E-02  2.098172E-01 -7.174525E-01
      4126  3.055599E-01 -1.480238E-01 -5.552479E-01
      4189 -7.142968E-01 -3.640770E+00 -5.962440E-01
      4190 -7.641568E-01 -1.560965E+00 -1.607544E-01
      4191 -1.083899E+00 -2.698119E+00 -7.622794E-01
      4210 -1.864060E+00  1.811028E+00  1.279589E-01
      4211 -1.372807E+00  1.167580E+00  3.135428E-01
      4212 -1.597189E+00  2.364935E+00 -2.783392E-02
      4257 -5.997113E-01  4.145487E+00  9.497900E-01
      4258  1.398178E+00  2.161586E+00  1.088701E+00
      4259 -4.191720E-01  2.577022E+00  1.037275E+00
      4278  4.571008E-01 -9.352943E-01 -1.850082E+00
      4279  2.215737E-01 -2.001809E-01 -8.025583E-01
      4312  5.124136E-01  1.819130E-01 -3.719039E-01
      4313  7.928179E-01  3.587861E+00 -2.473197E+00
      4398  2.294876E-01  2.611656E+00  9.683083E-01
      4404 -1.239923E+00  5.459513E+00  2.129172E+00
      4450 -1.640600E-01  8.233870E-01  5.641028E-01
      4451 -5.058560E-01  3.229532E+00  6.703910E-01
      4457  5.268014E+00  5.946938E+00  3.274290E-01
      4458  5.073447E+00  7.945026E+00  1.553741E+00
      4459 -4.342482E-01 -2.300644E+00  1.085310E+00
      4460 -1.179528E+00 -4.806359E+00  2.117744E+00
      4461 -7.242069E-01 -6.741490E+00  1.787652E+00
      4494  1.086683E-01 -3.292647E-01 -2.611943E+00
      4546  4.154388E-01  1.559988E+00 -9.608404E-01
      4547  3.184266E-01  3.422018E-01 -6.651158E-01
      4548  2.203151E-01  1.737557E-01 -8.558980E-01
      4568 -2.713131E-01  1.793430E+00  6.069287E-01
      4582 -6.249155E-01  5.916324E-01 -3.320592E-01
      4620  6.514289E-01 -2.392488E+00 -4.972800E-01
      4641  1.848172E-01 -2.344825E+00 -1.403738E-01
      4654 -2.690814E-01  1.864254E+00  4.237245E-01
      4664  3.085373E-01 -2.515157E+00  7.522990E-02
      4669  2.847930E-01  4.724272E+00 -4.532657E-02
      4673 -2.657918E-01  7.610446E+00 -8.595537E-02
      4693 -2.349036E-01  1.930797E+00  7.581941E-01
      4694 -8.494235E-01  1.864066E+00  6.854691E-01
      4695  6.596098E-02  2.367408E+00  5.167579E-01
      4705  2.723330E-01 -4.116186E+00  1.610530E+00
      4728 -2.414524E+00  8.941662E+00 -1.277547E+00
      4731 -4.273494E-01 -9.792639E-01 -1.550793E+00
      4733 -9.225539E-01 -1.963244E+00 -1.172397E+00
      4764  1.041869E+00 -1.045163E+00  3.168122E-01
      4765  1.126254E+00 -8.756884E-01 -9.197188E-02
      4766  1.262178E+00 -1.198745E+00  4.194301E-01
      4779 -1.989744E+00 -2.005378E+01  4.392266E+00
      4830  1.505002E-01  7.194094E-01  2.625587E-01
      4831  5.988138E-01  5.683304E+00  6.537056E-01
      4833  3.081890E+00 -4.428815E+00  3.148977E-01
      4834  4.653900E+00 -5.400938E+00  1.632366E+00
      4849  1.613066E+00  1.033093E+01  2.308856E+00
      4850  4.502713E+00  1.677608E+01  3.056980E+00
      4861  5.681135E-01  2.283720E+00  4.655085E-01
      4862  1.449389E-01 -8.076600E-01 -6.436210E-01
      4881 -3.546593E+00 -8.861236E+00  2.459233E+00
      4883  2.258617E-01 -1.214934E+01  2.184068E+00
      4936  1.146219E+00 -8.023936E+00  4.980916E+00
      4945  2.901907E-01 -1.155003E+00  5.261590E-01
      4991 -1.985710E-01 -2.318899E+00  1.089627E+00
      4992 -2.006916E-01 -3.155247E+00  6.831187E-01
      5013  1.975073E-01  3.555197E+00  9.798690E-01
      5026  3.925245E-01  7.888234E+00  1.582382E+00
      5029 -1.786681E-01  3.128033E+00  8.668226E-02
      5031  1.295093E-01 -1.797707E+00  4.454704E-01
      5060  2.723313E-02  2.215792E+00  7.772549E-01
      5091 -7.825203E-01  3.384280E+00  9.125981E-01
      5093  1.751855E-01  1.424117E+00  4.958763E-01
      5105 -1.483691E+00  1.911820E+00 -3.471134E-01
      5138 -1.675026E-01  8.414887E+00  8.332408E-01
      5139 -1.301670E-01  2.503393E+00  3.240520E-01
      5170  2.424679E+00  2.347340E+01  6.094562E+00
      5177  4.365428E-01 -1.184061E+00 -9.618284E-01
      5178  5.287919E+00 -5.840889E+00  7.739771E-03
      5179  3.435871E+00 -2.913123E+00  3.088788E-02
      5211  1.040665E+00 -5.710083E+00 -1.069718E+00
      5218 -3.471354E-01 -2.310819E+00  4.706357E-01
      5219 -4.019899E-01 -2.502875E+00  2.084429E+00
      5220  1.419424E+00 -4.451404E+00  4.730436E-01
      5322 -5.862193E-01  3.010634E+00  4.852882E-01
      5323 -5.416200E-01  5.152877E+00 -8.040797E-03
      5367  5.028562E-01 -8.975977E-01 -7.335009E-01
      5368  6.118552E-02 -4.161044E-01 -1.899083E-01
      5370 -8.802512E-01 -1.229840E+00  4.789966E-01
      5408  3.952329E+00  7.420014E+00 -1.268150E+00
      5462 -1.312380E+00 -3.199924E+00 -1.942920E+00
      5535 -1.481046E-01  1.255011E-01 -7.675448E-01
      5558  8.434343E-01 -1.123788E+00  1.308756E-01
      5617 -4.382961E+00 -8.627608E+00 -2.029790E+00
      5633  4.749491E-01 -1.659513E+00 -4.922085E-01
      5659 -1.356816E+00  4.082675E+00 -1.257687E+00
      5660 -6.220571E-01  7.002315E-01 -5.851797E-01
      5661 -1.751331E+00  3.084552E+00 -7.050481E-01
      5670  3.664458E+00  5.959532E+00 -4.295784E-01
      5711 -1.387745E+00  1.210972E+00 -2.632320E-01
      5712 -6.199082E-01  8.225116E-01 -2.782981E-01
      5754 -1.117170E-01  1.617628E+01  4.665759E+00
      5755  2.638951E-01  1.940578E+00  8.693583E-01
      5756 -2.394879E+00  1.169717E+01  1.956990E+00
      5766 -3.011031E-01  3.776532E+00 -3.541533E+00
      5767 -4.118992E-01  4.321375E-01 -8.231652E-01
      5768 -4.437445E-01  2.854491E+00 -2.767692E+00
      5827  8.834520E-01 -1.206758E+00  7.968621E-01
      5844  4.996599E-01  2.343569E+00 -5.738940E+00
      5848 -4.379469E-01  2.355953E-01 -1.515293E+00
      5867 -8.238158E-02  6.472559E-01 -5.763064E-01
      5868 -2.026368E-01 -2.405528E-01 -6.354016E-01
      5870 -1.008840E+00  3.571574E+00 -5.724767E-01
      5871 -3.239398E+00  9.660146E+00 -4.373131E+00
      5872 -8.815448E-01  1.502631E+00  4.520902E-01
      5877  4.419624E-01 -1.223509E-01 -1.711747E+00
      5878 -9.261261E-02  2.013069E-01  3.373448E-01
      5879  9.532163E-01 -8.627509E+00  2.952954E+00
      5897 -1.452767E+00  4.678409E+00 -2.231838E-01
      5898  3.930209E-01 -7.654732E-01  3.117697E-01
      5899  5.165733E-01 -9.676520E-01  2.266922E-01
      5941  2.218983E+00  1.062911E+01  2.948027E+00
      5962 -2.607396E+00  2.328582E+00  3.100869E-02
      5963 -6.697582E+00  9.355444E+00  3.803086E-01
      5964 -4.149604E+00  6.020872E+00  9.037756E-02
      5980 -1.404673E+00 -6.583180E-01  3.205491E-01
      5981 -1.546533E+00 -2.416248E+00 -2.844385E-01
      6033 -3.003865E-01 -4.177781E-01 -6.548099E-01
      6034 -3.484373E-01 -2.803104E-01 -8.769980E-01
      6035 -2.693053E-01 -2.660923E-01 -8.966740E-01
      6078  5.556734E-01 -6.461210E-01 -4.930688E-01
      6086 -5.648782E+00  1.516117E+01  5.051759E+00
      6088 -3.820357E+00  1.329843E+01  3.758554E+00
      6093  4.332954E-01  2.668342E+00  8.939990E-01
      6094 -8.112952E-02  7.638401E-01  1.866044E-01
      6095 -2.664417E-01  6.015153E+00 -6.944299E-02
      6145  2.062867E-01  3.933551E+00  6.365394E-01
      6146  2.897919E+00  9.277797E+00  8.903152E-01
      6199  2.906649E-01  2.433382E+00  1.097825E+00
      6231 -2.175793E+00 -2.912475E+00 -2.283269E+00
      6232 -4.991205E-01 -2.496350E+00 -1.067994E+00
      6262 -6.515471E-01 -1.968494E+00  2.884596E-01
      6263 -6.347196E-01 -2.404079E+00 -5.469154E-01
      6292  5.650206E+00 -1.343410E+01  5.933638E+00
      6297  2.776739E-02 -6.270607E+00  4.328880E-01
      6322 -2.185334E+00 -2.697504E+01  4.086093E+00
      6323  1.277072E-02 -5.019658E+00  1.168098E+00
      6324  7.393912E-01 -5.667086E+00  2.456354E-01
      6339  1.214034E-01  6.340503E-01 -1.026568E+00
      6345  3.372753E-01  3.962809E+00  7.402021E-01
      6438  9.948555E-01  1.805088E+00  1.245862E+00
      6450 -2.306097E-02 -7.150530E-02 -6.337018E-01
      6496 -4.506995E-01 -5.494491E-01 -4.157641E-02
      6503 -9.311769E-01 -8.313159E-01  1.915630E-01
      6504 -8.087007E-01 -5.647616E-01  2.149538E-01
      6551  6.411123E-01  4.347478E+00  2.196010E-01
      6552  3.980444E-01  8.041609E+00  1.292450E+00
      6557  3.025752E-01 -1.267347E-01  7.737906E-02
      6558  5.526571E-01 -8.786070E-01 -2.899697E-01
      6605  3.745292E+00 -4.996517E+00  7.016375E-01
      6645 -6.569129E-01 -1.572386E+00 -1.209981E-01
      6675  1.568774E+00  1.830628E+00 -1.766675E-01
      6733 -5.440305E-01 -4.291123E+00  9.016597E-01
      6734 -4.678548E-02 -8.286986E+00  4.446696E-01
      6739 -6.346074E-02  3.184146E+00  8.739780E-01
      6806  5.109231E-01  7.406276E-01 -7.583063E-01
      6849 -1.465577E+00 -3.836936E+00 -6.462342E-01
      6850 -9.676470E-01 -2.218634E+00  1.024036E-01
      6874 -6.196252E-02  2.279431E+00  1.072679E+00
      6928  3.239376E-01 -1.080124E+01  3.936003E+00
      6946  1.890267E+00  5.068159E+00 -3.649755E-01
      6957  1.647529E+00  3.487853E+00 -8.676110E-01
      6978  9.516448E-02 -1.459665E+00  8.060146E-01
      6979  4.150029E-01 -9.838784E-01  8.096503E-01
      7022 -9.587380E-01 -2.171747E+00 -7.654613E-01
      7066 -3.054684E-01 -6.653532E-01  7.430454E-02
      7069  2.255937E-01 -4.572412E-02 -1.366789E+00
      7090 -3.024765E-01 -8.228137E+00  3.040043E-01
      7093  1.833920E+00  1.807698E+01  3.318786E+00
      7153  1.449501E-01 -3.249548E-01 -8.324675E-01
      7154 -2.133031E-01 -7.494603E-02 -1.273642E+00
      7155 -2.124431E-01  6.442312E+00  7.127599E-02
      7164  1.021069E-01  1.141541E+00  7.878436E-01
      7165  5.070397E-01  6.632071E-01  7.028260E-01
      7166  2.289866E-01  7.279132E-01  4.240429E-01
      7176  3.676701E+00 -5.174237E+00 -4.808113E-01
      7217  7.083649E-01 -4.485316E-01  6.632080E-01
      7259 -2.764775E+00  7.229779E+00  2.631160E+00
      7262  6.546299E-01 -2.829071E+00 -6.043926E-01
      7263  5.367825E-01 -7.341786E-01  3.409149E-04
      7264  5.894768E-01 -6.271393E-01  2.430376E-01
      7279  6.516527E-01 -6.887308E+00  2.307680E+00
      7339 -5.323224E+00  9.452709E+00  6.478176E-01
      7363  3.782584E-01  2.669479E+00  1.754868E+00
      7414 -8.256481E-01  1.881288E+00  1.259507E+00
      7415 -5.467405E-02 -9.954738E-01  3.447027E-01
      7435  5.049849E-01 -2.884781E+00  4.528250E-02
      7436  5.654995E-01 -4.022750E+00 -4.482566E-01
      7469  5.855613E-01  6.462865E-01 -2.249544E+00
      7473 -1.060887E+00 -4.615649E+00  1.275383E+00
      7477  2.528274E+00  7.423908E+00  3.321678E+00
      7538 -2.153666E-01 -1.218942E+00  7.249052E-01
      7566 -5.829025E-03  3.612897E+00  7.913964E-01
      7589 -5.609007E-01 -5.869241E+00  1.077041E+00
      7601 -3.986424E+00  1.130749E+01 -9.847474E-01
      7609 -5.399981E-01 -5.245572E-01 -6.324384E-01
      7610 -5.737108E-01 -3.855161E-01 -1.026845E+00
      7666 -2.067903E-01  3.974720E-02 -4.913692E-01
      7777  9.029013E-01 -1.606022E+00 -6.104186E-01
      7880 -2.233019E-01  1.152910E+00  4.267548E-01
      7881  0.000000E+00  0.000000E+00  0.000000E+00
      7882  1.731721E-02  7.072183E-01  1.554463E-01
      7913 -5.434771E-01  8.647975E+00  7.185970E-02
      7984 -1.801539E+00  1.586435E+00 -9.801455E-01
      8007 -4.337667E-01 -3.756157E+00  7.362438E-01
      8033 -7.060333E-01  5.348909E+00 -4.817761E-02
      8035 -1.041795E+00 -2.589686E+00 -6.657510E-01
      8137 -2.772475E+00  2.138244E+01  1.417779E+00
      8149  1.105287E-01  1.009386E+01  1.380239E+00
      8150  5.328037E-01  6.175840E+00 -4.495906E-01
      8152 -9.660070E-02  6.511704E-01 -2.438136E+00
      8153 -1.314784E+00 -3.806404E+00 -4.958861E+00
      8185  1.654519E-02 -3.938306E-02 -1.058200E+00
      8197  3.356251E-01  6.153687E+00  2.390026E+00
      8211  1.627077E+00  3.038252E+00 -6.849567E-01
      8241  3.126719E-01 -4.432829E+00  5.026459E-01
      8375 -1.629537E-01  1.414371E+01  4.012289E+00
      8392  9.990074E-01  1.141573E+00 -5.241225E-01
      8398 -2.587985E-01  2.153949E+00  8.890078E-01
      8401 -1.514341E+00  1.566195E+00  1.108401E-01
      8422 -7.711793E-01 -2.920946E+00 -6.933162E-02
      8490  5.529970E-01  3.310964E+00  1.617476E+00
      8507  5.055428E-01  9.021237E-01  9.192575E-01
      8508  5.124115E-02  1.291945E+00  1.123723E+00
      8540  5.532414E-01  2.641113E+00  9.826391E-01
      8645  6.344291E-01 -4.961839E-01 -3.154847E-01
      8664 -5.074382E+00 -1.389651E+01  3.614924E+00
      8689 -6.439938E-01  2.404375E+00  2.390607E-01
      8690 -4.042426E-01  3.100302E+00  8.233737E-01
      8736 -3.317837E-01 -6.833237E-01 -4.288903E-01
      8737 -6.178516E-02 -4.244876E-01 -4.326172E-01
      8768  0.000000E+00  0.000000E+00  0.000000E+00
      8793  0.000000E+00  0.000000E+00  0.000000E+00
      8848  1.261712E+00  1.621240E+00 -5.880739E-01
      8877 -1.006608E+00 -1.352912E+00 -1.467772E-01
      8878 -9.743667E-01 -7.591303E-01 -3.197694E-01
      8914  3.021163E-01 -1.347440E+00  3.062467E-01
      8919  6.031016E-01 -8.001565E+00 -1.381928E+00
      8940  5.388763E-01  1.115837E+00  1.317589E+00
      8943  1.025830E+00 -2.882163E+00 -5.261443E-01
      8957 -5.997430E-01 -6.548582E+00  1.491504E+00
      8959 -5.456841E-01 -6.252875E+00  3.166360E+00
      8960  2.334729E-01 -1.040917E+00  1.371861E+00
      8961  1.241954E-01 -5.668388E+00  2.129371E+00
      8968  3.649612E-01  1.994770E+00  2.553267E-01
      8981 -5.987372E-01  1.847105E+00 -1.724158E+00
      9030 -6.795735E-01 -7.905318E-01 -2.043152E-02
      9031 -1.509776E+00 -1.706080E+00 -4.372993E-01
      9069  1.008488E+00  2.836568E+00  8.898524E-01
      9070 -3.975406E-02 -1.116821E-01 -1.422505E-01
      9088  5.835685E-01  1.264819E+00 -2.959912E-02
      9127  1.536287E+00  2.064254E+00 -4.638292E-01
      9128  1.809900E+00  5.033201E+00 -1.089347E-01
      9229  1.847905E-01 -1.935140E+00 -1.449273E-01
      9230  2.964566E-01  2.481823E+00 -5.660450E-02
      9242 -3.932446E+00 -7.708545E+00  3.471105E+00
      9328 -1.013549E+00 -4.183328E-01 -2.989202E-01
      9359 -8.329146E-01  3.477190E+00  7.117374E-01
      9367  7.364322E-02 -1.707589E+00  6.432776E-01
      9491 -4.934061E-01 -1.625099E+00 -1.220466E-01
      9530 -7.806447E-01 -2.122778E+00  1.243252E+00
      9577 -1.140560E+00 -1.719122E+00  1.395677E+00
      9597 -1.756868E+00  8.040848E-01 -2.875197E-01
      9637 -3.377562E-02 -6.216643E-01 -9.644785E-01
      9638 -1.484073E-01  1.898037E+00 -4.235715E+00
      9641  2.331266E+00 -8.935293E+00  1.422888E+00
      9669  6.663759E-01  2.789732E+00  8.649989E-01
      9670  3.802399E-01  4.317281E+00  1.073047E+00
      9713 -7.881217E-01  6.142607E-01  8.228267E-01
      9782 -2.460491E+00 -4.554578E+00 -9.654383E-01
      9804  0.000000E+00  0.000000E+00  0.000000E+00
      9823 -4.359794E+00  1.597817E-01 -1.702091E+00
      9842 -1.857601E-02  1.682951E-01  2.360802E-01
      9843  1.423460E+00 -3.183773E+00 -3.297586E+00
      9846 -7.627765E-01  2.019047E+00  1.457507E+00
      9883  3.466490E+00 -3.516990E+00  1.762089E-01
      9888  4.053114E-01 -3.783627E+00  3.636688E-01
      9897  6.036612E-01  8.943234E+00  1.681251E+00
      9900 -3.098523E-01 -1.766363E+00  7.685910E-01
      9901 -8.525425E-02  1.718822E-01  6.932740E-01
      9902 -5.538091E-01 -2.219384E+00  7.442110E-01
      9956  0.000000E+00  0.000000E+00  0.000000E+00
      9977 -3.168161E+00 -4.794295E+00 -4.892035E-01
     10016  1.018022E-01 -1.031277E+00  4.577120E-02
     10034  1.111534E+00  1.571343E+00 -1.341389E+00
     10081 -7.436419E-02 -2.236931E+00  9.204739E-01
     10102 -4.545731E-01 -6.477708E-01 -7.151502E-01
     10113 -2.606257E-01 -1.760004E-01 -1.679948E-01
     10157  3.695778E+00  2.548914E+00  2.467866E+00
     10161  2.523972E-01 -2.101137E+00 -1.692227E-01
     10165  9.210857E+00 -7.314753E+01  1.083279E+01
     10189 -3.340764E-01 -2.600463E-01 -4.525566E-02
     10217 -3.176309E-01 -9.012049E-01 -1.812507E+00
     10221  2.893504E-01 -4.594386E+00 -4.714506E-01
     10222 -5.349099E-03 -2.059729E+00  5.758234E-01
     10227 -1.612101E-01 -3.859104E-01  5.609648E-02
     10229  5.018028E-02 -5.356549E-01 -3.198221E-01
     10274  9.232357E-01 -7.981456E-01 -1.782775E-01
     10275  1.000674E+00 -1.394763E+00 -2.530595E-02
     10344  0.000000E+00  0.000000E+00  0.000000E+00
     10345  3.595752E-01 -2.997985E-01 -7.036621E-02
     10424 -7.050344E-02 -2.464896E-01 -7.960399E-01
     10446 -1.198952E-01  6.327819E-01 -4.072005E-01
     10447  1.149823E+00 -2.036576E+00  6.000755E-01
     10448 -1.719335E+00  4.947147E-01 -2.237957E+00
     10449 -6.710930E-01  3.706959E+00  1.676725E+00
     10503 -1.057517E+00 -3.573416E+00 -4.835020E-01
     10519  3.695096E-01  4.020881E+00  1.508004E+00
     10673 -2.717402E-02 -2.684580E-02 -1.810915E-02
     10674  0.000000E+00  0.000000E+00  0.000000E+00
     10677  0.000000E+00  0.000000E+00  0.000000E+00
     10678  0.000000E+00  0.000000E+00  0.000000E+00
     10679  0.000000E+00  0.000000E+00  0.000000E+00
     10682  0.000000E+00  0.000000E+00  0.000000E+00
     10683 -1.879826E+00  2.222206E+00 -5.675261E-01
     10684  1.707790E-01  2.187796E-01 -1.738643E-02
     10685  0.000000E+00  0.000000E+00  0.000000E+00
     10686 -4.810874E-02  7.719256E-02 -2.973791E-02
     10708  0.000000E+00  0.000000E+00  0.000000E+00
     10711  0.000000E+00  0.000000E+00  0.000000E+00
     10725  0.000000E+00  0.000000E+00  0.000000E+00
     10726  0.000000E+00  0.000000E+00  0.000000E+00
     10750  2.566180E-01  7.356915E-02  7.335705E-02
     10751 -3.930351E-01 -1.308143E-01 -2.549094E-01
     10770  5.827990E-01 -1.324076E+00 -3.009005E-01
     10778  3.266667E-01  4.491871E-01 -1.238344E-01
     10822  7.046384E-02 -1.072318E-01 -2.988694E-02
     10823  1.640139E+00 -9.824542E-01  2.680698E-01
     10836  1.845357E-01 -6.381719E+00  5.956843E+00
     10837  0.000000E+00  0.000000E+00  0.000000E+00
     10856 -1.110617E+00 -1.932381E+00  2.931784E+00
     10868  0.000000E+00  0.000000E+00  0.000000E+00
     10869  0.000000E+00  0.000000E+00  0.000000E+00
     10870 -3.147676E-02  4.560569E-03  2.161548E-02
     10931  7.675542E-01 -4.828714E-01 -1.675233E-01
     10945  1.376674E-01 -1.188813E-01 -1.003460E-02
     10997 -2.232097E-01  2.622109E-01  1.101926E-01
     11014  0.000000E+00  0.000000E+00  0.000000E+00
     11033  1.417946E-02 -2.884982E-02 -1.125578E-01
     11034  0.000000E+00  0.000000E+00  0.000000E+00
     11035 -1.936944E-02 -2.111255E-02  8.685898E-02
     11096  9.543173E-04  5.632882E-03 -1.319436E-02
     11099  7.612902E-02 -6.607977E-03  1.963798E-02
     11100  0.000000E+00  0.000000E+00  0.000000E+00
     11120 -4.541462E-01  1.532131E+00  2.653710E-01
     11145  1.236133E-01  1.079490E-02 -8.036512E-02
     11157 -3.949171E-01  1.993281E-01  2.350277E-02
     11176 -2.543781E-01 -3.681179E-01 -2.101299E-01
     11177  4.218674E-01 -3.960586E-01 -7.751868E-02
     11211  5.255582E+00 -5.523084E+00  1.907599E+00
     11316 -8.325974E-01  7.679974E-01 -1.987244E-01
     11337  0.000000E+00  0.000000E+00  0.000000E+00
     11339  1.375208E-01 -3.046678E-01 -2.388379E-01
     11342 -2.382556E-01  6.393129E-02  3.492971E-02
     11387  0.000000E+00  0.000000E+00  0.000000E+00
     11388  0.000000E+00  0.000000E+00  0.000000E+00
     11458 -1.986500E-01  1.193767E-02  3.758398E-02
     11459 -5.208006E-01 -8.830458E-01  1.521100E+00
     11460 -9.293559E-03 -6.213389E-01  1.049001E+00
     11479  2.901926E-01 -8.849768E-02 -3.033882E-01
     11507  0.000000E+00  0.000000E+00  0.000000E+00
     11765  0.000000E+00  0.000000E+00  0.000000E+00
     11766  0.000000E+00  0.000000E+00  0.000000E+00
     11767  4.128036E-02  3.290081E-02 -7.528730E-04
     12189 -1.057908E+00 -3.860797E-01 -4.814143E-01
     12190  0.000000E+00  0.000000E+00  0.000000E+00
     12191  0.000000E+00  0.000000E+00  0.000000E+00
     12252  0.000000E+00  0.000000E+00  0.000000E+00
     12253  0.000000E+00  0.000000E+00  0.000000E+00
     12273  0.000000E+00  0.000000E+00  0.000000E+00
     12274  0.000000E+00  0.000000E+00  0.000000E+00
     12275  0.000000E+00  0.000000E+00  0.000000E+00
     12276  0.000000E+00  0.000000E+00  0.000000E+00
     12278  0.000000E+00  0.000000E+00  0.000000E+00
     12279  1.896158E-01 -2.647246E-01  2.201393E-01
     12359  0.000000E+00  0.000000E+00  0.000000E+00
     12360  0.000000E+00  0.000000E+00  0.000000E+00
     12437  2.633276E-02 -2.805690E+00 -1.062713E+00
     12438 -4.090175E-01  3.098214E-01 -1.487833E-01
     12468  1.052705E+01 -8.790835E+00  8.086304E+00
     12469 -4.449066E+00  2.339789E+00 -5.084088E+00
     12510  3.962680E-01 -3.072826E-01 -2.889575E-01
     12519  0.000000E+00  0.000000E+00  0.000000E+00
     12520  0.000000E+00  0.000000E+00  0.000000E+00
     12524  4.405697E-02 -4.074035E-02 -9.006716E-02
     12525  0.000000E+00  0.000000E+00  0.000000E+00
     12526 -2.676020E-03  6.669577E-02 -1.720999E-01
     12527  0.000000E+00  0.000000E+00  0.000000E+00
     12528  0.000000E+00  0.000000E+00  0.000000E+00
     12546 -2.680147E-01  5.925948E-02  1.361804E-02
     13086  1.406377E+00 -1.048932E+00  1.358924E-01
     13161 -4.109887E-01 -2.883151E-01 -1.331847E-01
     13173  0.000000E+00  0.000000E+00  0.000000E+00
     13174  0.000000E+00  0.000000E+00  0.000000E+00
     13337 -3.601312E-02 -3.048705E-02  4.938527E-02
     13343  0.000000E+00  0.000000E+00  0.000000E+00
     13376  0.000000E+00  0.000000E+00  0.000000E+00
     13377  0.000000E+00  0.000000E+00  0.000000E+00
     13414  2.260698E-01 -1.482552E-01 -9.938618E-02
     13481  0.000000E+00  0.000000E+00  0.000000E+00
     13482  0.000000E+00  0.000000E+00  0.000000E+00
     14012  0.000000E+00  0.000000E+00  0.000000E+00
     14013  0.000000E+00  0.000000E+00  0.000000E+00
     14014  1.856855E-01  1.704624E-01 -6.764631E-02
     14089  6.639450E-01 -1.313743E+00 -1.001376E-01
     14103 -1.023935E+00  8.332786E-01 -2.586671E-01
     14104  0.000000E+00  0.000000E+00  0.000000E+00
     14122 -7.645091E-01 -1.315973E+00  4.598571E-01
     14154  0.000000E+00  0.000000E+00  0.000000E+00
     14156  4.603092E-01  2.088574E-01  2.342003E-01
     14213  0.000000E+00  0.000000E+00  0.000000E+00
     14215 -4.348837E+00  3.015017E+00  2.742852E+00
     14230  3.516678E-02 -3.324831E-01 -6.818952E-01
     14260  6.175995E-02 -1.105862E+01  3.701388E+00
     14321  6.322953E-01 -7.001204E-01 -1.659902E+00
     14328 -5.782836E-01 -1.101270E+00  3.742833E-01
     14329  0.000000E+00  0.000000E+00  0.000000E+00
     14370  0.000000E+00  0.000000E+00  0.000000E+00
     14394  0.000000E+00  0.000000E+00  0.000000E+00
     14406  0.000000E+00  0.000000E+00  0.000000E+00
     14508  3.784460E-01  8.785280E-02  1.032550E-01
     14510  0.000000E+00  0.000000E+00  0.000000E+00
     14515 -3.397999E+00 -5.013731E+00  1.062153E+00
     14517  1.668254E-01 -8.397652E+00  7.257663E-01
     14523  0.000000E+00  0.000000E+00  0.000000E+00
     14524 -6.683909E-02 -4.058234E-01  3.772582E-02
     14557 -6.599433E-02  2.676701E-02  9.408575E-02
     14809 -6.430282E-01 -1.632558E+00 -6.638437E-01
     14871  1.181174E+01 -8.341182E+00 -1.011635E+00
     15331  9.948951E-02 -2.093306E+00  1.429831E+00
     15333 -2.556196E-02 -8.877878E-02  3.481738E-02
     15413  0.000000E+00  0.000000E+00  0.000000E+00
     15473  0.000000E+00  0.000000E+00  0.000000E+00
     15549  3.699804E-01 -1.445866E-01  4.532428E-02
     15583  0.000000E+00  0.000000E+00  0.000000E+00
     15596  0.000000E+00  0.000000E+00  0.000000E+00
     15597  2.936707E-01 -4.161290E-01 -3.290489E-01
     15612  1.182081E-01 -2.236488E-02 -5.504017E-02
