
                        S T E P       1


                                INCREMENT     1


 forces (fx,fy,fz) for set NPROX and time  0.1000000E+01

      1292  4.058463E-01  6.810831E-01 -9.021002E-01
      1293  8.611692E-01  2.568344E+00 -1.649935E+00
      1406  6.038596E-01  6.316710E+00  2.466147E+00
      1408 -3.092510E+00  7.730697E+00  3.522389E+00
      1418 -1.851389E+00  2.422496E+00  1.526332E-01
      1419 -1.854366E+00  2.063301E+00 -1.016656E-01
      1420 -4.899935E+00  8.734647E+00  2.231130E-01
      1524 -1.627540E+00  3.865841E+00 -1.336132E+00
      1525 -9.346117E-01  2.126897E+00 -4.693106E-01
      1526 -3.501818E-01  8.621879E-01 -8.751904E-01
      1527 -6.141988E-02  1.233776E-01 -1.780030E-01
      1528 -7.481149E-02  8.003079E-02 -7.592776E-01
      1556  4.000301E-01  7.989263E+00  9.461378E-01
      1557 -6.293837E-02  8.706891E+00  4.317460E-01
      1558  2.683275E-01  3.039505E+00  9.501624E-01
      1559  5.593894E-01  1.401689E+00  9.726837E-01
      1560 -6.247286E-01  4.517232E+00  9.084961E-01
      1561 -8.470732E-02  4.866624E+00  2.251763E+00
      1562  2.251390E+00  8.149948E+00  1.839202E+00
      1566  7.521172E-01  8.668868E+00  8.186123E-01
      1620 -1.284911E+00  3.143668E+00 -2.433821E+00
      1624  1.257633E+00  1.786365E+00  1.247187E-01
      1625  9.249517E-01  2.085608E+00  1.037723E-01
      1626  1.331946E+00  3.523269E+00  1.937451E-02
      1628  9.250664E-02 -3.430784E-03 -7.267890E-02
      1629  4.753670E-02 -4.994319E-03  1.631452E-02
      1797 -9.695128E-01 -1.590825E+00 -4.463537E-01
      1798 -1.721532E+00 -2.837387E+00 -1.133353E-01
      1799 -1.659191E+00 -4.269616E+00 -4.448852E-01
      1800  1.684894E+00 -1.257936E+00  1.573215E-01
      1801  2.181920E+00 -2.531869E+00 -8.845458E-02
      1802  1.524397E+00 -8.024729E-01  8.683940E-01
      1810 -9.289231E-01 -4.700812E+00  4.895337E-01
      1819  1.034696E+00 -1.439023E+00 -2.159333E-01
      1820  5.315634E-01 -2.780590E-01 -3.475392E-01
      1821  1.453720E+00 -1.434255E+00 -9.057825E-02
      1830  1.070449E+00  7.416273E+00  1.133841E+00
      1831  6.161023E-01  8.226340E+00  9.128097E-01
      1832 -1.470303E-01  3.745303E+00  9.553861E-01
      1833 -4.371050E-01  7.334642E+00  9.346107E-01
      1861 -2.082669E-01  1.018113E+00  3.422648E-01
      1862  1.357895E+00 -1.849863E+00 -2.589400E-01
      1863  1.109375E+00 -1.336155E+00 -2.094353E-01
      1873  0.000000E+00  0.000000E+00  0.000000E+00
      1874  3.119412E-01  9.380573E-02  8.106478E-02
      1875  0.000000E+00  0.000000E+00  0.000000E+00
      1888  9.242231E-03  1.704389E+00  5.748054E-01
      1889 -4.775953E-01  1.497067E+00  9.731621E-01
      1890  3.202122E-01  2.879162E+00  7.802670E-01
      1891  1.119546E+00  3.778239E+00  1.362159E+00
      1892  1.098163E+00  3.752474E+00 -3.630198E-01
      1893  4.154808E-01  2.277806E+00  8.473569E-01
      1914 -7.807967E-01  1.401042E+00 -9.414435E-02
      1915 -1.628899E+00  2.295813E+00 -4.842686E-03
      1916 -1.457829E+00  1.770647E+00  5.962233E-02
      1948 -1.103844E-01  1.745797E-01 -2.163797E+00
      1949  1.862976E+00  2.114090E+01  3.519686E+00
      1950  1.516276E+00  2.228445E+01  4.201765E+00
      1967  2.004659E+00 -1.987682E+01  8.059743E+00
      1968 -2.156806E+00 -1.604798E+01  3.368754E+00
      1969  2.184791E-01 -4.439689E+00  9.912662E-01
      1970  9.540507E-04  4.904924E-03 -7.994885E-03
      1971 -5.688257E-01 -3.404422E+00  1.353538E+00
      1976  1.610877E-01 -3.370072E+00  5.299309E-01
      1977 -1.525292E-01 -1.573427E+00  1.708874E+00
      1981  3.429449E+00 -2.691633E+01  4.450706E+00
      1982  9.133012E-01 -9.439084E+00  1.438779E+00
      2064 -1.091263E-01  3.227621E+00  1.046015E+00
      2065  4.342341E-01  3.822457E+00  1.683326E+00
      2077  4.621412E+00  7.017660E+00  1.109906E+00
      2078  3.939059E+00  7.219989E+00  3.087881E-01
      2440 -2.923230E-01 -1.032939E+00 -7.646406E-01
      2441 -5.822466E-01 -7.395819E-01 -5.057466E-01
      2442 -4.754115E-01 -6.366960E-01 -8.816697E-01
      2444  1.098056E+00  1.402159E+00 -1.796811E-02
      2445  2.054028E+00  7.036868E+00 -2.258334E+00
      2446  1.102469E+00  7.836095E-01 -6.381494E-01
      2447  3.398297E+00  1.012677E+01 -2.023895E+00
      2448  3.714994E+00  9.302488E+00 -1.142807E+00
      2449  0.000000E+00  0.000000E+00  0.000000E+00
      2450  1.083771E+00  1.174072E+00 -4.549352E-02
      2451 -2.271831E-01 -1.380018E+00 -2.407685E-02
      2452  1.510709E+00  1.322104E+00  5.682616E-01
      2453  3.428696E+00  2.540951E+00  2.621770E+00
      2454  1.101473E+00  1.672542E+00  6.005379E-02
      2455  3.691856E+00  8.594195E+00 -8.332311E-01
      2456  1.161893E+00  1.449839E+00 -2.172806E-01
      2457  1.864128E+00  2.408245E+00 -8.808183E-01
      2458  5.117166E-01  9.693114E-01 -7.295357E-01
      2459  1.212725E+00  1.543998E+00 -7.345095E-01
      2460  8.263382E-01  1.429064E+00 -5.119677E-01
      2461  7.417654E-01  7.278392E-01 -1.175611E+00
      2462  6.713135E-01  1.011813E+00 -8.137738E-01
      2463 -4.443032E-01 -5.440729E-01 -6.011624E-01
      2464 -1.871381E-01  1.358929E-01 -6.995815E-01
      2465 -8.542410E-02 -2.706401E-01  9.820966E-04
      2466  0.000000E+00  0.000000E+00  0.000000E+00
      2467  6.539578E-01  1.278799E+00  1.879612E-01
      2468  7.289130E-01  5.274723E-01  2.007241E-01
      2469  6.155776E-01  1.528836E+00 -1.177803E+00
      2470  6.511242E-01  1.153519E-01 -1.958814E-01
      2471 -5.526273E-01 -7.902553E-01 -8.971248E-01
      2481 -1.973062E+00 -4.073327E+00 -2.739134E+00
      2482 -2.002501E+00 -5.578696E+00 -1.260199E+00
      2483 -1.115520E+00 -6.561131E-01 -7.688441E-01
      3068 -4.081160E-01  3.179207E-01  1.773302E-01
      3069 -5.739069E-01 -1.033034E+00 -3.778493E-01
      3070 -8.559434E-01 -9.588466E-01 -4.879773E-01
      3071  0.000000E+00  0.000000E+00  0.000000E+00
      3072  0.000000E+00  0.000000E+00  0.000000E+00
      3073 -1.284122E-01  6.439481E-01 -8.536235E-01
      3074  5.065234E-01  5.435860E-01 -5.240363E-01
      3075  3.709188E-01  1.463732E+00 -8.271854E-01
      3076 -5.091950E-01 -1.184120E+00 -1.938997E+00
      3077  7.009659E-01 -1.277394E+00  9.826012E-01
      3078  3.220499E-01  1.376305E+00  3.203967E-01
      3079  1.670459E+00  4.340121E+00 -9.225665E-01
      3080  1.357399E+00  1.226104E+00  6.105841E-02
      3177 -2.753550E-01  5.502601E-01 -9.572898E-01
      3178 -5.768806E-01  1.794730E+00 -2.182563E+00
      3179 -5.002332E-01  7.618984E-01 -5.373079E-01
      3180 -4.156371E-01  5.168338E-01 -5.502868E-01
      3181 -8.732893E-01  3.895580E-01  5.069926E-01
      3182 -1.153357E+00  7.978663E-01  1.102242E-01
      3410 -6.607528E-01  2.002154E+00  5.976009E-01
      3465 -6.646915E-01  5.413738E+00  2.315280E+00
      3466  2.197366E+00  6.524450E+00  2.758617E+00
      3468  9.958518E+00  1.666458E+01  5.090058E+00
      3470  3.362463E-01  1.878397E+00 -2.161365E-01
      3472 -1.334956E-01  1.697345E+00  4.901448E-01
      3484 -1.917791E-01  7.768082E+00  1.435361E+00
      3487 -3.916406E-01  1.710055E-01  3.362793E-02
      3531  4.494980E+00  1.626675E+01  3.942695E+00
      3546 -2.389197E+00  7.077247E+00 -8.510315E-01
      3547 -4.301770E+00  9.608830E+00 -2.788979E+00
      3548 -6.924941E+00  8.499212E+00  4.516369E-01
      3551 -4.550677E+00  8.745394E+00  1.082283E-01
      3553 -9.078474E-01  1.976467E+00 -2.603046E-01
      3554 -1.289579E+00  2.342630E+00 -4.200422E-01
      3555 -5.435358E-01  8.003172E-01 -2.468377E-01
      3565 -3.937634E+00  2.817278E+00  2.604118E+00
      3568 -4.237630E+00  8.015210E+00 -1.331107E+00
      3584 -1.954130E-01  5.680618E-01 -1.050100E+00
      3585 -1.893715E-01  5.095869E-02 -1.020816E+00
      3599 -1.294292E+00  1.381921E+00 -3.709504E-01
      3600 -2.364858E+00  6.004389E+00 -9.400344E-01
      3601 -8.167372E-01  1.130645E+00 -1.510572E-02
      3602 -5.884292E-01 -1.170429E-01 -8.804859E-01
      3603 -1.669016E+00  1.994481E+00 -6.764387E-01
      3604  0.000000E+00  0.000000E+00  0.000000E+00
      3605  4.078482E-01 -7.286867E-01  2.361993E-01
      3606  9.650640E-01 -3.679174E-01  7.498676E-02
      3607  6.412606E-01 -5.781260E-01 -5.249142E-01
      3608  2.510813E-01  2.103366E-02 -5.161725E-01
      3609  3.060922E-01 -6.689384E-01 -6.334501E-01
      3610  3.311486E-01  6.777153E-01 -6.987069E-01
      3611  2.096962E-01 -3.683502E-01 -9.174249E-01
      3612 -7.087409E-02  3.164412E-01 -1.085921E+00
      3613 -7.045108E-01  6.946134E-01 -5.339492E-01
      3614  2.613598E-01  5.028310E+00  6.879753E-01
      3615  3.123295E-01  2.207609E+00  8.600097E-01
      3616 -1.031110E+00  1.356268E+00 -3.348628E-01
      3617 -1.036422E+00  1.683723E+00 -4.459195E-01
      3618 -1.775363E+00  2.086068E+00 -2.380498E-01
      3619 -1.407078E+00  1.722639E+00 -2.757930E-01
      3620 -4.847786E+00  5.609297E+00  4.217353E-01
      3621  0.000000E+00  0.000000E+00  0.000000E+00
      3622 -5.953073E-01  1.211084E+00  4.895451E-01
      3623  0.000000E+00  0.000000E+00  0.000000E+00
      3624  1.003419E+00 -6.211403E-01 -8.722748E-01
      3625  1.438510E+00  6.136194E-02  1.164454E+00
      3626  4.126223E-01 -4.001832E-01 -1.983663E-01
      3627  8.790711E-01 -1.539967E+00 -7.749922E-01
      3629 -3.011683E+00 -1.619939E+01  3.959696E+00
      3630 -4.133340E+00 -2.082445E+01  6.645717E+00
      3631  4.786701E+00 -2.945012E+01  6.400392E+00
      3632  8.722483E-01 -4.618390E+00  2.123030E+00
      3633  9.618152E-01 -2.004881E+00  1.544604E+00
      3638  5.114715E-01 -1.851754E+00  1.548854E+00
      3639  0.000000E+00  0.000000E+00  0.000000E+00
      3640  7.424838E-02 -4.413096E-01 -1.956820E-01
      3648 -8.223508E-01 -3.967931E+00  1.805477E+00
      3649 -6.227597E-01 -2.401156E+00  2.124464E+00
      3656 -5.551832E-01 -4.035590E+00  2.915569E+00
      3657  2.834307E-01 -5.220985E+00  2.361919E+00
      3658 -5.145092E-02 -3.792490E+00  1.140220E+00
      3659 -1.030070E+00 -3.734572E+00  1.223089E+00
      3660 -2.364460E-01 -4.386565E+00  1.509875E+00
      3661  0.000000E+00  0.000000E+00  0.000000E+00
      3662  5.695562E-02 -1.073230E+00 -5.913675E-02
      3663 -4.946504E-01 -1.793972E+00  9.814634E-01
      3664 -1.106623E-01 -3.874787E+00  9.095086E-01
      3665 -2.149161E-01 -1.962793E+00  7.295784E-01
      3666  5.490901E-01 -6.614644E+00  9.213740E-02
      3669 -5.020294E-01 -2.197385E+00  1.220367E+00
      3670 -4.176548E-01 -2.407704E+00  9.898924E-01
      3671 -1.631811E-01 -1.161842E+00  4.404716E-01
      3672 -6.771609E-02 -6.100991E+00  6.326133E-01
      3675 -2.183814E-01 -3.304871E+00  1.699196E+00
      3694 -1.227816E+00 -1.358229E+00 -4.590657E-02
      3695 -8.306206E-01 -1.239218E+00 -2.472294E-01
      3696 -1.011850E+00 -1.202226E+00 -6.952968E-02
      3701  1.404833E+00 -3.031169E+00 -1.174295E+00
      3705  1.933897E-01 -1.098624E+00 -4.154010E-01
      3706  8.083820E-01 -1.458861E+00 -6.481305E-01
      3707  9.530733E-01 -1.328622E+00 -8.640573E-01
      3708 -1.444353E+00  2.784503E+00 -1.166217E+00
      3709 -1.297245E+00  1.646456E+00 -4.025065E-01
      3719 -9.892424E-01 -2.141342E+00  6.954197E-02
      3720 -1.429444E+00 -4.188320E+00  9.049385E-02
      3724 -1.180708E+00 -1.571581E+00 -3.999552E-01
      3725  0.000000E+00  0.000000E+00  0.000000E+00
      3726  0.000000E+00  0.000000E+00  0.000000E+00
      3727 -1.321720E+00 -1.237288E+00  1.606581E-01
      3766  2.087967E+00  1.992530E+01  4.796019E+00
      3767  1.239126E+00  1.358744E+01  2.726172E+00
      3768  7.410812E-01  3.303143E+00  1.374526E+00
      3769 -1.382919E-01  2.265702E+00  1.419968E+00
      3770  3.185921E-01  1.046064E+00  7.031910E-01
      3771  3.911311E-01  1.015829E+00  7.578685E-01
      3772  7.501969E-02  1.328853E+00  6.592108E-01
      3773  3.092912E-01  1.107787E+00  3.916353E-01
      3774  3.144599E-01  1.663742E+00  5.664912E-01
      3775  4.179210E-01  2.309571E+00  4.002615E-01
      3776  4.889920E-01  7.538340E+00  1.570367E+00
      3777  4.369879E-01  2.618535E+00  8.027847E-01
      3778  6.812167E-01  6.415410E+00  1.091373E-01
      3779  2.345929E-01  1.430554E+00  2.611166E-01
      3780  1.102313E-01  6.159961E+00 -1.339732E-01
      3808  4.486709E-01  1.859065E+00  1.374968E+00
      3809  2.239400E-01  7.523236E-01  4.089054E-01
      3830  6.580652E+00 -1.919049E+01  5.448708E+00
      3831  2.945458E+00 -8.933918E+00  2.243662E+00
      3832  9.189189E-01 -2.785947E+00  1.472926E+00
      3845  0.000000E+00  0.000000E+00  0.000000E+00
      3846  0.000000E+00  0.000000E+00  0.000000E+00
      3847  0.000000E+00  0.000000E+00  0.000000E+00
      3848 -1.060071E+00  2.292810E+00  9.362352E-01
      3849  4.657066E-01 -1.283851E+00  5.504475E-01
      3850 -7.728115E-01  1.344707E+00  3.598406E-01
      3876 -6.902645E-01  1.044092E+00 -8.910539E-01
      3877 -1.358796E+00  2.722317E+00 -2.073480E+00
      3878 -7.891316E-01  1.468934E+00 -4.817470E-01
      3883  2.074813E-01 -3.939140E-01 -1.070932E+00
      3884  3.268767E-01 -3.450923E-01 -2.499903E+00
      3888 -1.302620E-02 -9.635605E+00  1.501336E+00
      3917 -5.002605E-01  3.224161E+00  9.190658E-01
      3918 -7.148520E-01  4.260076E+00  1.138415E+00
      3919  3.172543E-01  1.161856E+00  9.811185E-01
      3923  1.737185E+00  2.044306E+00 -3.494546E-01
      3924  1.383700E+00  1.916781E+00 -3.871086E-01
      3932 -4.190070E-01  2.785427E+00  1.408256E+00
      3933 -2.321305E-01  9.905915E-01  5.468526E-01
      3934 -4.076129E-01  6.424798E-02  6.081975E-01
      3969 -2.711574E-01  2.263253E+00  4.632839E-01
      3970 -6.482065E-01  4.634883E+00  6.526003E-01
      3973  5.219643E-01  1.994236E+00  9.971692E-01
      3974 -8.316049E-01  4.254525E+00  2.022974E+00
      3975  4.757332E-02  2.626653E+00  1.083152E+00
      3977 -2.946872E+00  9.151972E+00  1.495522E+00
      3978  7.387922E-01  2.635569E+01  6.373834E+00
      3979  4.597910E-01  1.799098E+00  1.140010E+00
      3980 -2.722823E-03  4.199479E+00  1.336423E+00
      3981  5.168010E-02  3.211768E+00  1.006716E+00
      3982 -8.223254E-01  4.212300E+00 -7.105165E-02
      3983  4.371879E-01  4.248681E+00  1.152308E+00
      3993 -1.276546E-02  4.386538E+00  5.502453E-01
      4046 -3.004247E-02 -8.927686E-01 -6.779706E-01
      4047  3.144929E-01  7.786569E-01 -2.482565E+00
      4057  1.134511E+00  1.960512E+00 -5.118224E-01
      4058  1.665907E+00  3.456161E+00 -2.178352E-01
      4063  1.753688E+00  3.170396E+00 -1.148521E+00
      5160  2.054689E-01 -5.910735E-01 -7.814120E-01
      5161 -3.227799E-02 -1.676442E-01 -3.254095E-01
      5162 -1.099897E-01 -1.016593E-01 -9.541445E-01
      5163 -8.918595E-01 -2.167865E+00 -8.438428E-01
      5164 -8.076913E-01 -1.858743E+00 -1.547801E+00
      5167  1.769017E+00  3.552832E+00 -2.964120E-01
      5170  1.566625E+00  3.154053E+00 -2.259518E-03
      5483 -2.496499E+00  2.009039E+01  1.851474E+00
      5484 -8.025615E-02  6.032402E+00  8.696107E-01
      5485  2.803992E-01  2.442181E+00  8.933613E-01
      5486 -1.076078E+00  4.868689E+00 -5.735086E-01
      5487 -3.357183E-01  2.859254E+00  5.240244E-01
      5488 -3.002408E-01  9.583876E-01  4.255188E-01
      5493  3.510417E-01  5.170653E-01 -2.195636E-01
      5503  2.911213E+00 -1.029059E+01  1.910199E+00
      5509 -5.968527E-01 -2.078293E+00  3.697728E+00
      5524  1.247458E-01  1.183770E+00  7.842917E-01
      5525 -1.675701E-01  7.368263E-01  1.057179E+00
      5612  4.901695E+00  1.302661E+01  3.913552E+00
      5615 -1.802160E-01 -1.767609E-01 -2.869626E-01
      5616  0.000000E+00  0.000000E+00  0.000000E+00
      5620 -1.154115E+00  5.410911E+00  2.307189E+00
      5621 -3.499914E+00  2.231667E+01  5.428592E+00
      5622 -1.048266E+00  1.708059E+01  3.650737E+00
      5623 -2.191230E+00  1.157712E+01  2.033858E+00
      5635 -2.237752E+00  5.264612E+00 -2.980692E-02
      5636 -2.200876E+00  5.433078E+00 -1.316398E+00
      5638 -1.905451E+00  4.291652E+00  2.591993E-02
      5701  3.999805E+00  7.590875E+00  1.505736E-01
      5702  1.572882E+00  2.798910E+00 -5.584620E-01
      5776  1.680811E-01  6.522252E-01 -4.135541E-01
      5777  6.952435E-01  3.682445E+00 -3.510620E+00
      5778 -1.846692E-02  2.763869E+00  4.234068E-01
      6003  1.468724E+00 -3.368650E+00 -3.093964E-01
      6004  1.734122E+00 -3.211751E+00 -4.448643E-01
      6039  6.568007E-02  4.904384E-02 -2.257262E-03
      6048 -2.501080E+00 -3.045845E+00  5.309487E-01
      6075 -1.834137E-01  1.873547E+00  6.478319E-01
      6076  0.000000E+00  0.000000E+00  0.000000E+00
      6157  1.731486E-01 -2.880545E+00  7.705349E-01
      6158 -1.183330E-01 -2.936252E+00  1.465608E+00
      6160 -5.660908E+00 -1.166041E+01  3.987410E+00
      6161 -1.083008E+00 -7.832508E+00  3.262551E+00
      6162 -1.659562E-01 -2.310820E+00  2.535777E+00
      6163 -2.936947E-01 -1.786989E+00  1.442686E+00
      6165 -8.886560E-01 -7.111634E+00  1.582064E+00
      6176  9.795902E-01 -9.044300E+00  2.995016E+00
      6181 -3.280360E+00 -1.112149E+00  8.926400E-01
      6182 -5.616725E-02 -1.349445E+00  5.867772E-01
      6192  1.052731E+00 -3.760939E+00  5.499249E-01
      6194 -1.211479E-02 -1.646355E+00  9.653571E-01
      6195  4.115876E-01 -3.461090E+00  8.194355E-01
      6196  3.906284E-01 -2.085376E+00  6.304596E-01
      6199 -1.098867E-01 -2.791496E+00 -2.872392E-01
      6200  3.295451E-01 -2.722527E+00  4.823081E-01
      6202  1.074751E+00 -8.087131E+00  1.494972E+00
      6239 -2.383208E-01  2.265968E-01 -1.859538E-02
      6240 -1.120479E+00 -1.880978E+00  1.227105E+00
      6241 -2.521593E-01 -1.925663E+00  7.464095E-01
      6245 -3.380355E-01 -4.307859E+00  9.500121E-01
      6246  9.893720E-01 -6.094792E+00  8.306990E-01
      6254  4.231393E-01 -2.380789E+00  1.110976E+00
      6255  2.512371E-01 -1.774623E+00  1.086603E+00
      6256  7.780661E-02 -1.176099E+00  6.062329E-01
      6257  1.778974E-01 -3.296255E+00  1.683483E+00
      6258  5.108913E-01 -1.101403E+00  1.080672E+00
      6259  2.024937E-01 -3.083257E+00  1.015981E+00
      6260  5.436354E+00 -1.058211E+01  3.039439E+00
      6261  9.861675E-01 -2.530096E+00  1.888955E+00
      6377  1.255988E+00  4.014690E+00 -1.776310E+00
      6378  1.585607E+00  4.159930E+00 -1.481320E+00
      6379  3.471228E-01  1.050141E+00 -4.705340E-01
      6400 -3.335611E+00  8.000573E+00  2.076220E-01
      6401  0.000000E+00  0.000000E+00  0.000000E+00
      6402 -3.401519E-01  4.816795E-01  3.578575E-01
      6403  8.216779E-02 -1.161253E-01 -3.188771E-02
      6404  2.759797E+00 -6.617392E+00 -2.598172E+00
      6405  3.122539E+00 -1.472118E+01 -1.898907E+00
      6407  1.094919E+00  4.449509E-01  1.599565E+00
      6420 -1.336743E+00 -2.143428E-01 -2.967780E-02
      6421 -3.526840E+00 -6.769467E+00 -1.396837E+00
      6422 -2.690012E+00 -9.239796E+00 -3.313124E+00
      6423 -1.299003E+00 -8.299842E-01  4.823049E-01
      6428 -1.109999E+00  1.165525E+00 -1.607779E-01
      6433 -7.507074E-01 -1.318480E+00  4.697258E-01
      6435  1.557509E+00  1.813379E+00 -4.059881E-01
      6436 -7.014577E-01 -9.788037E-01 -2.604980E-01
      6437  3.038279E-01  7.489994E-01  5.063999E-01
      6438  0.000000E+00  0.000000E+00  0.000000E+00
      6439 -5.527455E-01 -9.766701E-01 -8.229506E-01
      6721 -1.192053E-01 -2.479256E+00  1.510879E+00
      6744 -1.372916E+00 -5.027558E+00  2.341559E-01
      6745  0.000000E+00  0.000000E+00  0.000000E+00
      6749  3.309458E-01 -4.316212E+00  1.182726E+00
      6788 -8.007693E-01 -3.018558E+00 -1.893517E-01
      6789 -5.199204E-02 -3.135317E-01 -7.261303E-01
      6790 -2.194260E-03 -7.300995E-01  6.009722E-01
      6791  1.719056E-01 -2.530238E+00  1.269014E+00
      6792  6.441962E-01 -3.513192E+00  7.766644E-01
      6793 -4.186408E-01 -9.492372E+00  2.466064E+00
      6795 -6.378761E+00 -2.411814E+01  4.460697E+00
      6798 -2.406998E+00 -8.041236E+00  1.834285E+00
      6799  8.731436E-02 -3.308174E+00  1.084113E+00
      6800  1.461476E+00 -1.055792E+01  1.859158E+00
      6801  3.666693E-02 -1.985189E+00  9.216051E-01
      6803  3.081860E-01 -7.532400E+00  2.085769E-01
      6804 -3.342035E-01 -6.890589E+00  6.973752E-01
      6819  7.983779E-01 -4.650863E+00  5.854782E-01
      6825  1.333593E-02 -3.103976E+00  1.028057E+00
      6827 -6.293585E-01 -8.513237E-01 -3.066714E-01
      6828 -6.496212E-01 -1.712363E+00 -2.410335E-01
      6830 -6.890190E-01  3.069671E+00  4.660380E-01
      6841  1.410189E-01 -7.153639E-02 -1.764357E-01
      6842  1.865989E+00 -6.149995E+00 -2.610384E+00
      6865 -1.393910E+00  3.721332E+00 -1.282861E+00
      6866 -2.499717E+00  7.801281E+00 -3.639052E+00
      6880  1.426338E+00 -1.047582E+00  7.797543E-02
      6881 -7.594532E-01  2.181404E+00 -7.438761E-01
      6882 -1.893788E-01 -4.903502E-01 -1.151254E+00
      6883  3.226635E-01  1.275861E+00 -1.018254E+00
      6884 -3.239586E-01 -1.216130E+00 -2.535135E+00
      6916  2.965340E-01 -5.762029E-01  1.688627E-01
      6917  9.238688E-01 -3.388732E-01 -4.112968E-01
      6918 -4.682649E-01 -8.799840E-01 -1.565464E+00
      6930  0.000000E+00  0.000000E+00  0.000000E+00
      6940  2.876364E+00 -4.318192E+00 -7.898989E-01
      6941  7.084344E-01 -4.738790E-01 -1.966404E-01
      6944 -2.319136E+00 -3.768608E+00 -6.812115E-01
      6945 -8.658289E-01 -1.359647E-01 -4.895881E-01
      6946 -2.992837E+00 -5.840225E+00 -1.019187E+00
      6965  6.632357E+00 -7.387386E+00  2.085096E+00
      6988 -1.504569E+00  2.318161E-01  1.253990E-01
      6993  0.000000E+00  0.000000E+00  0.000000E+00
      6994  0.000000E+00  0.000000E+00  0.000000E+00
      6999 -4.188950E-01 -3.062238E-01 -1.250611E-01
      7025  1.606663E+00  3.251440E+00 -1.969726E+00
      7145  3.775601E-02 -3.570315E-02 -8.244067E-01
      7155  3.067545E-02 -7.498572E-02 -1.366419E+00
      7183 -1.535920E-01 -4.286958E-01 -4.482154E-01
      7184 -3.843078E-01 -5.999452E-01 -3.993356E-01
      7185  3.662015E-01  3.661972E-01 -2.285364E-01
      7186 -6.313450E-01 -1.825142E+00  6.675352E-01
      7250  1.100766E+00 -5.317664E+00 -2.280101E+00
      7251  5.879030E+00 -6.082806E+00 -1.053364E+00
      7256 -1.504380E+00 -3.175053E+00 -4.861293E+00
      7265 -3.922563E-01 -2.258868E+00  7.774693E-01
      7266 -7.522217E-01 -1.595151E+00  1.969010E-01
      7267 -4.117732E-01 -4.317067E+00 -1.559786E-01
      7268 -3.956222E-02 -1.426702E+00  2.080569E-01
      7269  0.000000E+00  0.000000E+00  0.000000E+00
      7282  5.535336E-01 -1.253303E+00  1.148589E+00
      7288 -3.229864E-01 -3.945880E-01 -2.146400E-01
      7953 -1.966061E-01  2.085132E+00 -3.274674E-01
      7974  3.404671E+00  6.009791E+00 -4.355813E-01
      7975  1.885410E+00  2.114145E+00  5.120935E-01
      7983  2.355358E-01 -4.307443E-01 -5.285117E-01
      7984  2.754283E-03 -3.691349E-01 -1.085111E+00
      7985  4.301145E-01 -1.041759E+00  5.536542E-01
      7993 -3.812181E+00 -6.372515E+00  1.292472E+00
      7996 -1.031148E+00 -7.558820E-01  2.629160E-01
      7997 -1.855362E+00 -1.606521E+00  8.549143E-02
      8063 -3.768642E+00 -7.092276E+00  6.980576E-02
      8072  1.093274E+00  1.232766E+00 -3.946853E-01
      8073  9.258435E-01 -2.999923E+00 -1.656933E+00
      8078  9.429026E-01 -2.065025E+00  9.362553E-01
      8079 -3.040918E-01 -3.705903E+00  9.909671E-01
      8092  6.748662E-01 -4.677651E+00  2.463328E+00
      8099 -7.600868E-01 -2.269251E-01  1.829917E-01
      8236  4.981317E-01  4.040771E+00  1.903800E-01
      8237 -1.344028E+00  3.770495E+00  5.989600E-01
      8731  1.176910E+00  3.626565E+00 -5.535215E+00
      8897 -1.609364E+00  4.377098E+00 -4.436526E-02
      8927  9.442111E-01  2.724590E+01  6.760289E+00
      8928 -1.143251E-01  2.801156E+00  1.225826E+00
      9013 -2.651353E-01  2.596984E+00  4.276011E-01
      9014 -6.839444E-01  2.101515E+00  7.324657E-01
      9015 -2.930005E-01  3.089775E+00  1.268061E+00
      9017 -2.658115E-01  3.437383E+00  1.202456E+00
      9018  7.713826E-02  1.974870E+00  8.017757E-01
      9019 -1.125316E+00  4.679314E+00  7.076161E-01
      9041 -6.887673E+00  1.331730E+01  4.403733E+00
      9043 -3.614094E+00  1.275693E+01  5.005930E+00
      9081 -4.700562E-02  6.024331E+00  9.751624E-01
      9127 -3.122675E-01  2.746944E+00  1.054326E+00
      9128 -1.254550E+00  1.131129E+01  1.624325E+00
      9138 -1.032200E+00 -3.833000E-01 -5.023511E-01
      9139  0.000000E+00  0.000000E+00  0.000000E+00
      9140  0.000000E+00  0.000000E+00  0.000000E+00
      9141 -3.763064E-01 -3.601232E+00  1.023148E+00
      9146  2.532358E-01 -1.055293E-01 -3.151970E-01
      9172 -1.483000E-01  4.492537E+00  5.079472E-01
      9199  2.207915E+00  5.250163E+00 -1.416311E+00
      9205  2.968669E-03 -1.567940E-01 -1.554478E-01
      9215 -7.280673E-01  3.644707E+00  1.561264E-02
      9278  6.325985E-03  1.023972E-02 -1.530390E-02
      9279  0.000000E+00  0.000000E+00  0.000000E+00
      9280  6.940609E-01  2.053097E+00 -1.714695E-01
      9309  1.658741E+00 -4.404285E+00 -2.173654E-01
      9333 -1.004485E-01  7.565735E+00  3.605202E-01
      9337  5.517505E-01 -1.700501E+00 -6.169353E-01
      9338  6.551829E-01 -4.386674E+00  1.754484E+00
      9417  6.533021E-01  2.271263E-02 -3.250507E-01
      9418 -2.260486E-02 -2.814295E-02 -1.486312E-02
      9419  0.000000E+00  0.000000E+00  0.000000E+00
      9420  0.000000E+00  0.000000E+00  0.000000E+00
      9422 -5.238527E-01  1.869088E+00  1.028388E+00
      9437  9.184570E-01 -3.672886E+00 -7.877346E-01
      9453 -2.505260E+00 -3.648819E+00  6.015700E-01
      9454  0.000000E+00  0.000000E+00  0.000000E+00
      9455 -5.738002E-01 -6.678246E+00 -9.344784E-01
      9460  9.733706E-01 -8.453701E+00 -2.079537E+00
      9461  5.278925E+00 -5.412484E+00  1.342206E+00
      9462  6.281894E-01 -5.683138E-01 -1.318027E-01
      9463  3.355854E-01 -2.232624E+00 -7.364676E-01
      9464  4.401439E-01 -2.400030E+00 -4.958327E-01
      9485  2.185004E-01  5.233326E-01  2.903149E-01
      9486  0.000000E+00  0.000000E+00  0.000000E+00
      9487  3.402462E-01 -1.890062E-01 -6.308589E-01
      9488  0.000000E+00  0.000000E+00  0.000000E+00
      9489  1.353513E+00 -5.057498E+00  4.779970E-01
      9490  1.035143E-01 -9.615828E-02 -1.514891E-01
      9491  3.006896E-01 -9.435051E-01  1.524016E-01
      9495  6.767305E-01 -1.715738E+00  6.255882E-02
      9534  0.000000E+00  0.000000E+00  0.000000E+00
      9638  2.023028E-01 -2.111313E-01  8.961448E-02
      9661  0.000000E+00  0.000000E+00  0.000000E+00
      9662  4.100175E-01  1.750554E-01  1.298822E-01
      9663 -1.820372E+00 -3.541370E+00 -2.462791E+00
      9666 -7.754348E-01 -3.211363E+00 -3.121975E-01
      9667 -7.593386E-01 -1.800325E+00 -7.395108E-01
      9669 -8.668605E-01 -3.203673E-01 -5.089990E-01
      9670 -5.403226E-01 -3.592899E+00 -1.604648E-01
      9671 -6.538591E-01 -1.333581E+00 -5.802557E-01
      9736  1.550517E-01  1.343197E+01  1.679173E+00
      9743 -2.469949E-01 -1.695687E-01 -1.782789E-01
      9780 -8.729816E-01 -3.211833E+00  4.156638E-01
      9793  0.000000E+00  0.000000E+00  0.000000E+00
     10048 -9.136629E-01 -2.105477E+00  1.284907E+00
     10073 -6.612816E-02 -1.292622E-01 -1.343354E+00
     10100  4.102514E-01 -2.380333E+00 -3.687737E-03
     10161 -9.441490E-01 -2.837772E+00  5.320872E-01
     10162 -1.494775E-01 -1.120271E+00  6.741624E-01
     10169  2.135011E+00  9.640391E+00  2.322878E+00
     10194 -7.629287E-02  1.931907E+00 -3.138682E+00
     10228 -1.443452E-01 -1.181845E+01  4.055622E+00
     10231  7.552362E-01 -4.980344E-01 -1.995297E-01
     10260  0.000000E+00  0.000000E+00  0.000000E+00
     10454  3.210290E+00 -5.707193E+00 -9.364866E-01
     10461  0.000000E+00  0.000000E+00  0.000000E+00
     10514 -8.508710E-01 -1.556578E+00  7.082300E-02
     10515 -3.854866E-01 -7.235927E-01 -2.310608E-01
     10521 -2.999450E-01  4.951865E-01 -4.130466E+00
     10524  0.000000E+00  0.000000E+00  0.000000E+00
     10606  7.293692E-01 -1.112625E+00 -1.970041E+00
     10609  7.237087E-01 -4.152270E+00 -4.186776E+00
     10628 -1.149413E+00 -1.498183E+00  9.248482E-01
     10656 -7.470665E-01 -1.478800E+00  1.646826E+00
     10660 -1.155365E+00 -8.359881E-01  1.107424E+00
     13435  2.985903E-01  8.390790E-01 -4.859416E-01
     13436  3.812422E-01  7.793008E-01 -3.360419E-01
     13437 -7.878780E-01 -1.202033E+00  4.445279E-01
     13438  3.398782E-01  4.459882E-01 -9.713805E-02
     13439 -7.406102E-01 -1.222156E+00 -2.316600E-01
     13440 -8.018366E-01 -1.494414E+00 -3.068615E-01
     13473 -5.409869E-01 -1.263572E+00  9.873750E-04
     13542  1.318405E-01 -1.855684E-01  2.329303E-02
     13543 -1.311308E-01  2.521955E-02 -1.589219E-02
     13546  1.159546E-01 -1.271597E-01 -1.706484E-02
     13547  0.000000E+00  0.000000E+00  0.000000E+00
     13563  5.859964E-01  9.916643E-01  2.189852E-02
     13570 -1.889149E-02  6.439657E-02 -1.724931E-01
     13571  7.018657E-02 -3.272970E-02 -6.009174E-02
     13573 -2.053281E-01  7.608945E-02  2.188315E-02
     13574  0.000000E+00  0.000000E+00  0.000000E+00
     13575  0.000000E+00  0.000000E+00  0.000000E+00
     13576  0.000000E+00  0.000000E+00  0.000000E+00
     13577  0.000000E+00  0.000000E+00  0.000000E+00
     13578  0.000000E+00  0.000000E+00  0.000000E+00
     13579 -1.174312E+00 -2.137788E+00 -4.415469E-01
     13588 -4.117658E-01 -8.270317E-01  1.062458E-01
     13590 -7.499437E-01 -1.544044E+00 -7.146650E-01
     13600 -3.653018E-02 -2.420809E-01 -5.054276E-01
     13601  1.115652E-01 -2.951890E-01 -4.111323E-01
     13602  0.000000E+00  0.000000E+00  0.000000E+00
     13603 -1.237901E-02 -3.291904E-01 -2.035908E-01
     13607  0.000000E+00  0.000000E+00  0.000000E+00
     13630  0.000000E+00  0.000000E+00  0.000000E+00
     13631 -1.321772E-01 -3.935674E-01  3.162773E-02
     13678  0.000000E+00  0.000000E+00  0.000000E+00
     13684  0.000000E+00  0.000000E+00  0.000000E+00
     13685 -3.242189E-01  9.240240E-01  4.521392E-01
     13697  0.000000E+00  0.000000E+00  0.000000E+00
     13698  0.000000E+00  0.000000E+00  0.000000E+00
     13699  7.130912E-02  2.527621E-01 -4.968440E-04
     13700  0.000000E+00  0.000000E+00  0.000000E+00
     13737 -1.947847E+00  2.236138E+00 -3.376554E-01
     13739  0.000000E+00  0.000000E+00  0.000000E+00
     13771  0.000000E+00  0.000000E+00  0.000000E+00
     13772 -1.596220E-01  7.921565E-02  1.014766E-01
     13782 -7.859253E-02  1.030293E-01 -5.137530E-02
     14300  0.000000E+00  0.000000E+00  0.000000E+00
     14301  0.000000E+00  0.000000E+00  0.000000E+00
     14307 -3.673787E-01  1.375668E-01 -3.361155E-02
     14362  4.774428E-01 -9.763736E-01  1.952184E-01
     14363  6.982740E-01 -1.547228E+00 -5.638621E-02
     14364  0.000000E+00  0.000000E+00  0.000000E+00
     14365 -1.900970E-01  1.518925E-01  3.666469E-02
     14378  2.457818E+00 -4.414650E+00 -1.818122E+00
     14379  3.395682E-01  1.379796E-01  1.401651E-01
     14380 -9.590560E-01  6.114783E-01  1.295450E-01
     14381  4.706074E-01 -4.266251E-01  1.398301E-02
     14382  2.224627E-01 -1.332534E-02 -1.984252E-01
     14383  3.068197E-01 -5.878855E-01 -2.950433E-01
     14479  3.710276E-01  9.083912E-02  1.036461E-01
     14644  1.283159E-01 -3.744997E-01  2.030612E-01
     14647 -5.896928E-01 -2.131082E+00 -1.252840E-01
     14648 -2.796132E-02 -5.620951E-02  1.714013E-01
     14654  0.000000E+00  0.000000E+00  0.000000E+00
     14694 -2.097487E-02 -7.024149E-02  2.050652E-02
     14702 -4.693324E-02  1.147122E-02  3.111157E-02
     14768  0.000000E+00  0.000000E+00  0.000000E+00
     14781  2.077108E-01 -1.461925E-01 -1.169800E-01
     14782  0.000000E+00  0.000000E+00  0.000000E+00
     14788  0.000000E+00  0.000000E+00  0.000000E+00
     14789 -2.911954E-03  5.207860E-03  4.264984E-03
     14790  1.072286E-02 -1.505167E-01 -9.524144E-02
     14795 -6.714995E+00 -8.861692E+00  1.525415E+00
     14800 -4.306403E+00 -7.687497E+00  3.978093E+00
     14802 -2.974201E+00 -4.792122E+00  4.137059E-01
     14805 -1.577685E+00 -1.109807E+00  6.071344E-01
     14814  5.840293E-01 -6.674809E-01  2.156631E-02
     14876  6.614420E-01 -1.164167E+00  7.432359E-01
     14877  1.057644E+00 -1.064437E+00  7.961405E-01
     14878  5.379442E-01 -7.842597E-01  1.196738E+00
     14880  3.969879E-02 -4.119836E+00  4.432879E-01
     14882  6.180275E-01 -2.529899E+00  4.317826E-01
     14883  1.134339E+00 -2.981601E+00  7.924572E-02
     14885  1.193629E+00 -1.029913E+00  3.678885E-01
     14886  9.427349E-01 -1.542482E+00  4.501689E-01
     14887  8.674383E-01 -7.896014E-01  2.173827E-01
     14889  3.295178E+00 -4.144966E+00  7.649572E-02
     14907  4.160616E+00 -5.306059E+00  1.318361E+00
     14908  5.567080E+00 -6.782536E+00  1.872850E+00
     14928 -3.584697E-03 -6.753939E-01  1.115500E+00
     14929 -7.522317E-01  2.347979E+00 -1.980220E+00
     14955  3.228981E-01 -3.496463E+00  5.701141E+00
     14959 -4.400188E-01 -9.170427E+00  5.660576E-01
     14968 -5.286819E-02 -1.514380E+01  1.862792E+00
     14981  1.339122E-01 -7.992294E+00  7.869648E-01
     14982 -1.334692E+00 -5.808206E+00  2.173681E+00
     14983  1.910013E+00 -1.069426E+01 -2.637321E+00
     14985 -1.427838E+00 -2.423884E+01  2.486302E+00
     14986  7.557109E-01 -2.978624E+00  2.271024E+00
     14987 -1.616684E-01 -1.595442E+00  7.742515E-01
     14989  0.000000E+00  0.000000E+00  0.000000E+00
     14990  0.000000E+00  0.000000E+00  0.000000E+00
     14991  1.610606E-01 -4.622046E+00  1.370041E+00
     14992  0.000000E+00  0.000000E+00  0.000000E+00
     14993 -2.019488E-01  2.204654E-01  5.827677E-01
     14994  2.530823E-01 -2.034692E+00 -1.741843E-01
     14995  5.349174E-03  1.100593E-03  5.474106E-02
     15668  0.000000E+00  0.000000E+00  0.000000E+00
