
                        S T E P       1


                                INCREMENT     1


 forces (fx,fy,fz) for set NPROX and time  0.1000000E+01

      1292  4.322282E-01  7.196777E-01 -9.606175E-01
      1293  9.141598E-01  2.712860E+00 -1.754629E+00
      1406  5.662624E-01  6.032781E+00  2.478582E+00
      1408 -2.836566E+00  7.006135E+00  3.408109E+00
      1418 -1.946407E+00  2.484508E+00  2.007334E-01
      1419 -1.910066E+00  2.106447E+00 -1.025906E-01
      1420 -4.808552E+00  8.423668E+00  2.253069E-01
      1524 -1.709240E+00  4.053254E+00 -1.418585E+00
      1525 -9.862382E-01  2.234320E+00 -4.943404E-01
      1526 -3.682809E-01  9.108971E-01 -9.335944E-01
      1527 -6.164615E-02  1.355949E-01 -1.852932E-01
      1528 -7.780978E-02  8.296605E-02 -8.151146E-01
      1556  4.158207E-01  8.376779E+00  9.987502E-01
      1557 -8.366474E-02  9.133615E+00  4.325501E-01
      1558  3.023430E-01  3.252104E+00  1.053935E+00
      1559  5.484179E-01  1.484880E+00  1.094567E+00
      1560 -6.845152E-01  4.780897E+00  9.652799E-01
      1561 -5.966912E-02  5.129977E+00  2.471939E+00
      1562  2.149432E+00  7.950418E+00  1.757016E+00
      1566  8.027412E-01  9.128163E+00  8.520780E-01
      1620 -1.295438E+00  3.131874E+00 -2.486150E+00
      1624  1.307401E+00  1.857868E+00  1.343433E-01
      1625  9.664209E-01  2.170612E+00  1.100920E-01
      1626  1.382010E+00  3.656571E+00  2.655459E-02
      1628  9.872534E-02 -1.251037E-03 -7.560088E-02
      1629  5.288105E-02 -3.406240E-03  1.813102E-02
      1797 -1.014628E+00 -1.652060E+00 -4.628885E-01
      1798 -1.800336E+00 -2.957855E+00 -1.209115E-01
      1799 -1.729146E+00 -4.446392E+00 -4.784500E-01
      1800  1.725979E+00 -1.273103E+00  1.636355E-01
      1801  2.230765E+00 -2.585417E+00 -9.693429E-02
      1802  1.559647E+00 -7.870832E-01  9.033913E-01
      1810 -9.529439E-01 -4.889096E+00  4.811632E-01
      1819  1.080122E+00 -1.490111E+00 -2.149362E-01
      1820  5.765954E-01 -2.597780E-01 -3.644066E-01
      1821  1.494057E+00 -1.474770E+00 -7.591605E-02
      1830  1.139693E+00  7.797818E+00  1.197000E+00
      1831  6.531540E-01  8.654597E+00  9.519738E-01
      1832 -1.620505E-01  3.942914E+00  1.004107E+00
      1833 -4.662652E-01  7.721351E+00  9.699505E-01
      1861 -2.270737E-01  1.106065E+00  3.702354E-01
      1862  1.418177E+00 -1.931589E+00 -2.615424E-01
      1863  1.156042E+00 -1.374818E+00 -2.150782E-01
      1873  0.000000E+00  0.000000E+00  0.000000E+00
      1874  3.349236E-01  1.030453E-01  8.819233E-02
      1875  0.000000E+00  0.000000E+00  0.000000E+00
      1888  2.673531E-02  1.759337E+00  5.937697E-01
      1889 -4.861170E-01  1.631228E+00  1.017139E+00
      1890  3.470570E-01  3.017561E+00  8.120761E-01
      1891  1.205115E+00  3.865276E+00  1.457628E+00
      1892  1.210328E+00  3.935816E+00 -2.360841E-01
      1893  4.420414E-01  2.344922E+00  8.810079E-01
      1914 -8.079657E-01  1.446545E+00 -9.826074E-02
      1915 -1.657745E+00  2.324402E+00  1.302599E-02
      1916 -1.515801E+00  1.826599E+00  6.641231E-02
      1948 -1.144460E-01  1.802322E-01 -2.307956E+00
      1949  1.940277E+00  2.070058E+01  3.615617E+00
      1950  1.647437E+00  2.172200E+01  4.309167E+00
      1967  2.012871E+00 -1.918048E+01  8.056010E+00
      1968 -2.111648E+00 -1.564839E+01  3.373654E+00
      1969  2.406250E-01 -4.635852E+00  1.105020E+00
      1970  8.754121E-05  8.610295E-04 -1.246187E-03
      1971 -5.937376E-01 -3.566779E+00  1.460956E+00
      1976  1.638152E-01 -3.539988E+00  5.715003E-01
      1977 -1.591938E-01 -1.655317E+00  1.779487E+00
      1981  3.604405E+00 -2.654954E+01  4.678242E+00
      1982  9.011068E-01 -9.098495E+00  1.616596E+00
      2064 -1.139360E-01  3.366467E+00  1.137751E+00
      2065  4.699011E-01  4.004368E+00  1.784844E+00
      2077  4.461701E+00  6.626797E+00  1.295509E+00
      2078  3.827975E+00  6.900497E+00  2.842013E-01
      2440 -3.145276E-01 -1.102345E+00 -8.211725E-01
      2441 -6.152332E-01 -7.800920E-01 -5.326056E-01
      2442 -5.110854E-01 -6.650359E-01 -9.506327E-01
      2444  1.117903E+00  1.343262E+00 -3.149878E-02
      2445  2.102396E+00  7.047481E+00 -2.345039E+00
      2446  1.168706E+00  8.325202E-01 -6.633723E-01
      2447  3.463790E+00  1.004236E+01 -2.112256E+00
      2448  3.704390E+00  9.147190E+00 -1.085291E+00
      2449  0.000000E+00  0.000000E+00  0.000000E+00
      2450  1.161149E+00  1.222867E+00 -4.693302E-02
      2451 -2.474065E-01 -1.504422E+00 -1.869127E-02
      2452  1.515906E+00  1.310836E+00  5.689879E-01
      2453  3.014337E+00  2.017985E+00  2.387648E+00
      2454  1.164260E+00  1.738145E+00  7.716574E-02
      2455  3.663777E+00  8.436728E+00 -8.092037E-01
      2456  1.217578E+00  1.498652E+00 -2.181829E-01
      2457  1.953990E+00  2.502425E+00 -9.307383E-01
      2458  5.650458E-01  9.975219E-01 -7.864237E-01
      2459  1.293964E+00  1.628506E+00 -7.836345E-01
      2460  8.824447E-01  1.503230E+00 -5.347492E-01
      2461  7.936033E-01  7.733104E-01 -1.274737E+00
      2462  7.101349E-01  1.073015E+00 -8.637978E-01
      2463 -4.812995E-01 -5.853045E-01 -6.433175E-01
      2464 -1.967881E-01  1.612536E-01 -7.482055E-01
      2465 -9.842836E-02 -2.986703E-01 -5.635711E-03
      2466  0.000000E+00  0.000000E+00  0.000000E+00
      2467  6.771468E-01  1.330547E+00  1.902779E-01
      2468  7.509273E-01  5.465431E-01  2.118038E-01
      2469  6.657637E-01  1.630592E+00 -1.267742E+00
      2470  6.931242E-01  1.175420E-01 -2.104094E-01
      2471 -6.188052E-01 -8.299081E-01 -9.636729E-01
      2481 -1.963283E+00 -4.042570E+00 -2.798093E+00
      2482 -1.949135E+00 -5.532233E+00 -1.373139E+00
      2483 -1.199575E+00 -7.147929E-01 -8.203863E-01
      3068 -4.307476E-01  3.581007E-01  1.945553E-01
      3069 -6.137414E-01 -1.081863E+00 -3.924194E-01
      3070 -9.003300E-01 -1.019101E+00 -5.060830E-01
      3071  0.000000E+00  0.000000E+00  0.000000E+00
      3072  0.000000E+00  0.000000E+00  0.000000E+00
      3073 -1.332858E-01  7.036696E-01 -9.148556E-01
      3074  5.373137E-01  5.731821E-01 -5.538472E-01
      3075  3.960933E-01  1.555549E+00 -8.837029E-01
      3076 -5.326016E-01 -1.237774E+00 -2.068004E+00
      3077  7.025241E-01 -1.333072E+00  1.004780E+00
      3078  3.406690E-01  1.428873E+00  3.362042E-01
      3079  1.746324E+00  4.514320E+00 -9.532480E-01
      3080  1.404119E+00  1.264143E+00  6.641741E-02
      3177 -2.915272E-01  5.826146E-01 -1.022652E+00
      3178 -6.107731E-01  1.888926E+00 -2.328041E+00
      3179 -5.361963E-01  7.990408E-01 -5.742773E-01
      3180 -4.333296E-01  5.604738E-01 -5.897545E-01
      3181 -8.856855E-01  3.766794E-01  5.268892E-01
      3182 -1.190192E+00  8.102905E-01  1.144504E-01
      3410 -6.864361E-01  2.077172E+00  6.233730E-01
      3465 -5.459851E-01  5.093460E+00  2.317514E+00
      3466  2.107987E+00  5.980716E+00  2.616661E+00
      3468  9.663472E+00  1.523098E+01  4.784838E+00
      3470  3.493278E-01  1.956646E+00 -2.287605E-01
      3472 -1.423647E-01  1.768432E+00  5.034474E-01
      3484 -1.949987E-01  8.109614E+00  1.483997E+00
      3487 -4.157920E-01  1.742615E-01  3.395847E-02
      3531  4.469282E+00  1.561631E+01  3.821325E+00
      3546 -2.390238E+00  6.877270E+00 -9.029339E-01
      3547 -5.708163E+00  1.094086E+01 -3.212439E+00
      3548 -6.709190E+00  8.021435E+00  5.251345E-01
      3551 -4.531124E+00  8.432859E+00  1.246089E-01
      3553 -9.629890E-01  2.034981E+00 -2.435890E-01
      3554 -1.367099E+00  2.390274E+00 -4.206878E-01
      3555 -5.811942E-01  8.247196E-01 -2.558865E-01
      3565 -3.549988E+00  2.272178E+00  2.393580E+00
      3568 -4.213824E+00  7.854718E+00 -1.349439E+00
      3584 -2.217974E-01  6.069350E-01 -1.143095E+00
      3585 -2.030162E-01  4.791879E-02 -1.101448E+00
      3599 -1.357512E+00  1.425650E+00 -3.843550E-01
      3600 -2.366270E+00  6.052107E+00 -9.540760E-01
      3601 -8.481310E-01  1.152577E+00 -1.111943E-02
      3602 -6.182237E-01 -1.344702E-01 -9.456260E-01
      3603 -1.744434E+00  2.078107E+00 -6.929266E-01
      3604  0.000000E+00  0.000000E+00  0.000000E+00
      3605  4.332388E-01 -7.733499E-01  2.630349E-01
      3606  1.028240E+00 -3.834488E-01  9.420774E-02
      3607  6.753663E-01 -6.168398E-01 -5.639994E-01
      3608  2.734921E-01  3.573803E-02 -5.563273E-01
      3609  3.293363E-01 -7.128286E-01 -6.794001E-01
      3610  3.550618E-01  7.367066E-01 -7.567398E-01
      3611  2.288726E-01 -3.942119E-01 -9.811311E-01
      3612 -1.042326E-01  3.250295E-01 -1.162647E+00
      3613 -7.472145E-01  7.206790E-01 -5.670512E-01
      3614  2.637474E-01  5.246695E+00  6.931513E-01
      3615  3.267597E-01  2.284956E+00  8.836847E-01
      3616 -1.082422E+00  1.416406E+00 -3.485692E-01
      3617 -1.100805E+00  1.758349E+00 -4.640156E-01
      3618 -1.840936E+00  2.142670E+00 -2.338884E-01
      3619 -1.463711E+00  1.783368E+00 -2.815763E-01
      3620 -4.728072E+00  5.243729E+00  5.018937E-01
      3621  0.000000E+00  0.000000E+00  0.000000E+00
      3622 -6.078353E-01  1.221357E+00  5.124477E-01
      3623  0.000000E+00  0.000000E+00  0.000000E+00
      3624  1.075587E+00 -6.403467E-01 -9.448302E-01
      3625  1.482490E+00  1.034836E-01  1.318003E+00
      3626  4.478176E-01 -4.116838E-01 -2.064558E-01
      3627  9.478291E-01 -1.636889E+00 -8.303313E-01
      3629 -3.136563E+00 -1.538440E+01  3.987609E+00
      3630 -4.019393E+00 -1.985937E+01  6.450146E+00
      3631  4.930580E+00 -2.864411E+01  6.547764E+00
      3632  9.196673E-01 -4.769688E+00  2.219366E+00
      3633  1.007188E+00 -2.056140E+00  1.572754E+00
      3638  5.430234E-01 -1.926618E+00  1.597079E+00
      3639  0.000000E+00  0.000000E+00  0.000000E+00
      3640  7.910582E-02 -4.551104E-01 -2.118065E-01
      3648 -8.805226E-01 -4.128317E+00  1.915706E+00
      3649 -6.827296E-01 -2.465183E+00  2.208351E+00
      3656 -5.356388E-01 -4.246850E+00  3.021457E+00
      3657  3.243370E-01 -5.460668E+00  2.477936E+00
      3658 -3.903859E-02 -3.950596E+00  1.197333E+00
      3659 -1.105597E+00 -3.853423E+00  1.252684E+00
      3660 -2.569884E-01 -4.549008E+00  1.575382E+00
      3661  0.000000E+00  0.000000E+00  0.000000E+00
      3662  7.107687E-02 -1.125477E+00 -5.402528E-02
      3663 -5.403536E-01 -1.851671E+00  9.936701E-01
      3664 -1.107742E-01 -4.031154E+00  9.166779E-01
      3665 -2.234748E-01 -1.988477E+00  7.586726E-01
      3666  5.904424E-01 -6.926569E+00  7.951547E-02
      3669 -5.509453E-01 -2.229567E+00  1.251224E+00
      3670 -4.431738E-01 -2.519395E+00  1.019899E+00
      3671 -1.712493E-01 -1.181920E+00  4.434066E-01
      3672 -8.499562E-02 -6.334542E+00  6.420357E-01
      3675 -2.561453E-01 -3.465608E+00  1.756334E+00
      3694 -1.261733E+00 -1.370410E+00 -4.150359E-02
      3695 -8.654240E-01 -1.293521E+00 -2.559667E-01
      3696 -1.057941E+00 -1.241393E+00 -7.066209E-02
      3701  1.488833E+00 -3.200059E+00 -1.249182E+00
      3705  2.118010E-01 -1.182093E+00 -4.487777E-01
      3706  8.596242E-01 -1.544906E+00 -6.861350E-01
      3707  1.014369E+00 -1.395107E+00 -9.336395E-01
      3708 -1.525285E+00  2.912814E+00 -1.218385E+00
      3709 -1.353014E+00  1.696379E+00 -4.111280E-01
      3719 -1.029485E+00 -2.210169E+00  8.209857E-02
      3720 -1.470453E+00 -4.352689E+00  8.179246E-02
      3724 -1.223906E+00 -1.626284E+00 -4.053749E-01
      3725  0.000000E+00  0.000000E+00  0.000000E+00
      3726  0.000000E+00  0.000000E+00  0.000000E+00
      3727 -1.367107E+00 -1.259158E+00  1.852339E-01
      3766  2.312334E+00  1.931989E+01  4.781547E+00
      3767  1.246002E+00  1.317892E+01  2.666062E+00
      3768  7.665830E-01  3.396017E+00  1.414823E+00
      3769 -1.248157E-01  2.384192E+00  1.532485E+00
      3770  3.364445E-01  1.067453E+00  7.286154E-01
      3771  4.170420E-01  1.030742E+00  8.039844E-01
      3772  6.794681E-02  1.376806E+00  6.878356E-01
      3773  3.263520E-01  1.141197E+00  4.074162E-01
      3774  3.359293E-01  1.727597E+00  5.794925E-01
      3775  4.415996E-01  2.389850E+00  4.049234E-01
      3776  5.281367E-01  7.890638E+00  1.636357E+00
      3777  4.743035E-01  2.748014E+00  8.313281E-01
      3778  7.235938E-01  6.707080E+00  1.225038E-01
      3779  2.508699E-01  1.489521E+00  2.702078E-01
      3780  1.307020E-01  6.437451E+00 -1.504341E-01
      3808  4.621625E-01  1.912601E+00  1.434142E+00
      3809  2.292220E-01  7.724673E-01  4.268161E-01
      3830  6.541795E+00 -1.816043E+01  5.389087E+00
      3831  2.931448E+00 -8.645095E+00  2.238750E+00
      3832  1.006054E+00 -2.840279E+00  1.557474E+00
      3845  0.000000E+00  0.000000E+00  0.000000E+00
      3846  0.000000E+00  0.000000E+00  0.000000E+00
      3847  0.000000E+00  0.000000E+00  0.000000E+00
      3848 -1.098978E+00  2.341873E+00  9.726969E-01
      3849  4.969298E-01 -1.358319E+00  5.730617E-01
      3850 -8.031892E-01  1.391186E+00  3.548347E-01
      3876 -7.309033E-01  1.095906E+00 -9.517681E-01
      3877 -1.437203E+00  2.852904E+00 -2.206179E+00
      3878 -8.358599E-01  1.545495E+00 -5.108720E-01
      3883  2.211752E-01 -4.191497E-01 -1.148330E+00
      3884  3.475437E-01 -3.615410E-01 -2.667536E+00
      3888 -1.238605E-02 -1.012084E+01  1.552717E+00
      3917 -5.421565E-01  3.354368E+00  9.419415E-01
      3918 -7.619891E-01  4.366212E+00  1.246935E+00
      3919  3.168551E-01  1.152045E+00  9.942791E-01
      3923  1.818967E+00  2.121750E+00 -3.626550E-01
      3924  1.462734E+00  1.996393E+00 -4.009369E-01
      3932 -4.389479E-01  2.837135E+00  1.450646E+00
      3933 -2.603260E-01  1.009861E+00  5.670941E-01
      3934 -3.900175E-01  3.618490E-02  6.182424E-01
      3969 -2.909051E-01  2.394454E+00  4.820830E-01
      3970 -6.903226E-01  4.873478E+00  6.943710E-01
      3973  5.572478E-01  2.092251E+00  1.044459E+00
      3974 -9.785799E-01  4.398838E+00  2.139507E+00
      3975  4.010027E-02  2.736648E+00  1.130370E+00
      3977 -2.872844E+00  9.105987E+00  1.570062E+00
      3978  8.908656E-01  2.552170E+01  6.273567E+00
      3979  4.920816E-01  1.891386E+00  1.197381E+00
      3980  3.125918E-02  4.375253E+00  1.414776E+00
      3981  6.914730E-02  3.367889E+00  1.050035E+00
      3982 -8.580664E-01  4.414646E+00 -5.397142E-02
      3983  4.731457E-01  4.430600E+00  1.217147E+00
      3993 -2.339978E-02  4.576513E+00  5.566428E-01
      4046 -3.243243E-02 -9.501805E-01 -7.279553E-01
      4047  3.358867E-01  8.315148E-01 -2.646826E+00
      4057  1.200652E+00  2.066287E+00 -5.320060E-01
      4058  1.745569E+00  3.599382E+00 -2.230990E-01
      4063  1.851065E+00  3.332954E+00 -1.222494E+00
      5160  2.164929E-01 -6.530136E-01 -8.357912E-01
      5161 -3.127035E-02 -1.772331E-01 -3.496505E-01
      5162 -1.156525E-01 -1.029785E-01 -1.028489E+00
      5163 -9.419444E-01 -2.277229E+00 -8.974718E-01
      5164 -8.528233E-01 -1.954895E+00 -1.649709E+00
      5167  1.863438E+00  3.722090E+00 -2.967229E-01
      5170  1.636627E+00  3.281537E+00 -9.831216E-03
      5483 -2.467145E+00  1.991459E+01  2.037441E+00
      5484 -8.129898E-02  6.323093E+00  8.939452E-01
      5485  2.776042E-01  2.536054E+00  9.274450E-01
      5486 -1.139371E+00  5.087969E+00 -6.060208E-01
      5487 -3.693570E-01  2.976768E+00  5.380892E-01
      5488 -3.326555E-01  9.891067E-01  4.380500E-01
      5493  3.676294E-01  5.332977E-01 -2.330361E-01
      5503  3.164078E+00 -1.008710E+01  2.062488E+00
      5509 -4.049674E-01 -1.565603E+00  3.723472E+00
      5524  8.280628E-02  1.210593E+00  7.917510E-01
      5525 -1.771534E-01  7.347704E-01  1.131619E+00
      5612  4.802009E+00  1.228305E+01  3.673954E+00
      5615 -1.874094E-01 -1.812826E-01 -3.003543E-01
      5616  0.000000E+00  0.000000E+00  0.000000E+00
      5620 -1.262137E+00  5.574752E+00  2.406161E+00
      5621 -3.436361E+00  2.153767E+01  5.363116E+00
      5622 -1.251805E+00  1.651650E+01  3.688364E+00
      5623 -2.193714E+00  1.146053E+01  2.126843E+00
      5635 -2.334624E+00  5.494991E+00 -3.940447E-02
      5636 -2.316907E+00  5.674089E+00 -1.382810E+00
      5638 -1.979056E+00  4.429185E+00  4.050215E-02
      5701  3.921105E+00  7.298466E+00  1.912398E-01
      5702  1.629020E+00  2.871861E+00 -5.743159E-01
      5776  1.761438E-01  7.041854E-01 -4.382782E-01
      5777  7.299013E-01  3.708226E+00 -3.657554E+00
      5778 -1.266451E-02  2.915172E+00  4.548344E-01
      6003  1.534724E+00 -3.490226E+00 -3.178642E-01
      6004  1.812639E+00 -3.332018E+00 -4.606147E-01
      6039  6.814392E-02  5.108799E-02 -2.473059E-03
      6048 -3.328048E+00 -4.161627E+00  6.536256E-01
      6075 -1.775468E-01  1.945483E+00  6.581050E-01
      6076  0.000000E+00  0.000000E+00  0.000000E+00
      6157  1.856926E-01 -3.029551E+00  8.174936E-01
      6158 -1.141398E-01 -3.070551E+00  1.535613E+00
      6160 -5.524898E+00 -1.075924E+01  3.906752E+00
      6161 -1.151403E+00 -7.376304E+00  3.233571E+00
      6162 -2.341087E-01 -2.292200E+00  2.556346E+00
      6163 -2.829337E-01 -1.807935E+00  1.483242E+00
      6165 -9.154492E-01 -6.901355E+00  1.608480E+00
      6176  1.022686E+00 -8.559732E+00  2.978838E+00
      6181 -3.312550E+00 -9.730055E-01  8.491478E-01
      6182 -6.285202E-02 -1.375327E+00  6.042846E-01
      6192  1.093373E+00 -3.895915E+00  5.364793E-01
      6194 -1.131331E-02 -1.679963E+00  9.852207E-01
      6195  4.373881E-01 -3.569180E+00  8.338949E-01
      6196  4.172404E-01 -2.152746E+00  6.584136E-01
      6199 -1.036277E-01 -2.909232E+00 -3.117952E-01
      6200  3.508236E-01 -2.830968E+00  4.903700E-01
      6202  1.127117E+00 -8.410648E+00  1.515179E+00
      6239 -2.532620E-01  2.558283E-01 -7.150023E-03
      6240 -1.189264E+00 -1.939821E+00  1.274421E+00
      6241 -2.682991E-01 -1.988507E+00  8.182355E-01
      6245 -3.566437E-01 -4.520213E+00  9.953362E-01
      6246  1.038134E+00 -6.402333E+00  8.682852E-01
      6254  4.290049E-01 -2.431107E+00  1.134489E+00
      6255  2.652059E-01 -1.828694E+00  1.093348E+00
      6256  7.566561E-02 -1.189208E+00  6.214259E-01
      6257  1.894426E-01 -3.299321E+00  1.721871E+00
      6258  5.390019E-01 -1.083938E+00  1.100517E+00
      6259  2.117608E-01 -3.212979E+00  1.040089E+00
      6260  5.295668E+00 -9.887732E+00  3.050925E+00
      6261  1.001643E+00 -2.555707E+00  1.897584E+00
      6377  1.253961E+00  4.024813E+00 -1.785919E+00
      6378  1.597615E+00  4.099119E+00 -1.542138E+00
      6379  4.065247E-01  1.093837E+00 -5.057932E-01
      6400 -2.695214E+00  6.512302E+00  1.851747E-01
      6401  0.000000E+00  0.000000E+00  0.000000E+00
      6402 -3.559070E-01  5.451016E-01  4.027451E-01
      6403  5.352412E-02 -9.027833E-02 -3.276882E-02
      6404  2.802299E+00 -6.862639E+00 -2.621944E+00
      6405  3.245309E+00 -1.341501E+01 -2.311801E+00
      6407  9.901790E-01  7.835387E-01  1.705372E+00
      6420 -1.352814E+00  6.226989E-02 -1.257104E-02
      6421 -3.536643E+00 -6.661011E+00 -1.450562E+00
      6422 -3.775198E+00 -1.004914E+01 -3.621432E+00
      6423 -1.342325E+00 -8.237457E-01  5.521217E-01
      6428 -1.161176E+00  1.195658E+00 -1.658630E-01
      6433 -7.390825E-01 -1.177499E+00  4.760319E-01
      6435  1.634628E+00  1.873854E+00 -4.064239E-01
      6436 -7.445357E-01 -1.015944E+00 -2.686296E-01
      6437  3.260737E-01  8.383041E-01  5.640863E-01
      6438  0.000000E+00  0.000000E+00  0.000000E+00
      6439 -5.975963E-01 -1.017775E+00 -8.804876E-01
      6721 -9.533772E-02 -2.602755E+00  1.527875E+00
      6744 -1.406025E+00 -5.274920E+00  2.410531E-01
      6745  0.000000E+00  0.000000E+00  0.000000E+00
      6749  3.637881E-01 -4.488986E+00  1.240722E+00
      6788 -8.388244E-01 -3.146614E+00 -2.009298E-01
      6789 -5.108827E-02 -3.175136E-01 -7.645766E-01
      6790 -1.106856E-02 -7.823393E-01  6.225580E-01
      6791  1.864861E-01 -2.622632E+00  1.328787E+00
      6792  6.656424E-01 -3.724799E+00  8.021309E-01
      6793 -4.644435E-01 -9.905839E+00  2.542307E+00
      6795 -6.405626E+00 -2.338316E+01  4.598199E+00
      6798 -2.409586E+00 -7.977201E+00  1.962065E+00
      6799  8.016015E-02 -3.468127E+00  1.125886E+00
      6800  1.485672E+00 -1.059053E+01  2.038909E+00
      6801  5.044042E-02 -2.061622E+00  9.690321E-01
      6803  3.296385E-01 -7.901620E+00  2.145143E-01
      6804 -3.447734E-01 -7.237862E+00  7.273400E-01
      6819  8.565109E-01 -4.856200E+00  6.023807E-01
      6825  2.165947E-02 -3.205604E+00  1.079563E+00
      6827 -6.643973E-01 -8.970578E-01 -3.264668E-01
      6828 -6.872104E-01 -1.794729E+00 -2.502280E-01
      6830 -7.149230E-01  3.183301E+00  4.813782E-01
      6841  1.452212E-01 -7.142652E-02 -1.859750E-01
      6842  1.975201E+00 -6.464946E+00 -2.756536E+00
      6865 -1.444783E+00  3.719791E+00 -1.358989E+00
      6866 -2.518212E+00  7.700540E+00 -3.731393E+00
      6880  2.565166E+00 -2.206835E+00  4.356429E-01
      6881 -8.132502E-01  2.291672E+00 -7.857512E-01
      6882 -2.004714E-01 -5.262288E-01 -1.246648E+00
      6883  3.511486E-01  1.392871E+00 -1.053082E+00
      6884 -3.553639E-01 -1.305127E+00 -2.626595E+00
      6916  3.174788E-01 -6.149562E-01  1.923526E-01
      6917  9.495113E-01 -3.585851E-01 -4.191930E-01
      6918 -6.970763E-02 -1.011997E+00 -1.130117E+00
      6930  0.000000E+00  0.000000E+00  0.000000E+00
      6940  2.656851E+00 -3.949550E+00 -9.251852E-01
      6941  6.556822E-01 -3.956516E-01 -1.741251E-01
      6944 -2.342820E+00 -3.690596E+00 -6.634554E-01
      6945 -9.081072E-01 -1.113662E-01 -5.002192E-01
      6946 -2.828734E+00 -5.525044E+00 -1.239097E+00
      6965  8.122358E+00 -9.496310E+00  1.863891E+00
      6988 -2.855375E+00  2.078078E+00 -3.191791E-02
      6993  0.000000E+00  0.000000E+00  0.000000E+00
      6994  0.000000E+00  0.000000E+00  0.000000E+00
      6999 -4.481129E-01 -3.233910E-01 -1.355637E-01
      7025  1.698885E+00  3.420863E+00 -2.094940E+00
      7145  4.785360E-02 -2.224230E-02 -8.824456E-01
      7155  3.707003E-02 -8.743459E-02 -1.470269E+00
      7183 -1.793267E-01 -4.629547E-01 -4.606975E-01
      7184 -4.131043E-01 -6.144925E-01 -4.212981E-01
      7185  5.215587E-01  8.322994E-01 -3.524404E-01
      7186 -6.845676E-01 -1.897186E+00  7.577513E-01
      7250  1.115191E+00 -5.232549E+00 -2.435956E+00
      7251  4.841746E+00 -5.337400E+00 -7.679227E-01
      7256 -1.517224E+00 -3.130641E+00 -4.983946E+00
      7265 -4.201684E-01 -2.354206E+00  8.132024E-01
      7266 -7.806592E-01 -1.659435E+00  2.058223E-01
      7267 -4.339535E-01 -4.509171E+00 -1.734471E-01
      7268 -4.388382E-02 -1.485569E+00  2.175251E-01
      7269  0.000000E+00  0.000000E+00  0.000000E+00
      7282  5.716738E-01 -1.269615E+00  1.179322E+00
      7288 -1.363219E-01 -2.853748E-01 -1.635087E-01
      7953 -1.954961E-01  2.149339E+00 -3.477510E-01
      7974  3.344464E+00  5.791193E+00 -4.023640E-01
      7975  1.951333E+00  2.163361E+00  5.655595E-01
      7983  2.104919E-01 -4.371971E-01 -5.715036E-01
      7984 -2.340908E-02 -3.935042E-01 -1.194134E+00
      7985  1.180137E+00 -3.202526E-01  7.469481E-01
      7993 -3.724805E+00 -6.044914E+00  1.206269E+00
      7996 -1.064854E+00 -7.527279E-01  2.766583E-01
      7997 -1.880747E+00 -1.639801E+00  8.938259E-02
      8063 -3.517225E+00 -6.530327E+00  1.625634E-01
      8072  1.134295E+00  1.255788E+00 -3.885841E-01
      8073  9.772438E-01 -3.004685E+00 -1.765498E+00
      8078  9.800488E-01 -2.174829E+00  9.706104E-01
      8079 -3.349238E-01 -3.874862E+00  1.037443E+00
      8092  6.981599E-01 -4.305681E+00  2.437929E+00
      8099 -7.680218E-01 -2.117310E-01  1.987617E-01
      8236  5.303008E-01  4.221140E+00  1.760383E-01
      8237 -1.448988E+00  3.816102E+00  7.184014E-01
      8731  1.245468E+00  3.665148E+00 -5.696134E+00
      8897 -1.669769E+00  4.542166E+00 -5.395144E-02
      8927  8.749945E-01  2.673448E+01  6.843072E+00
      8928 -1.116369E-01  2.933927E+00  1.337117E+00
      9013 -2.923445E-01  2.687873E+00  4.547681E-01
      9014 -7.338050E-01  2.165246E+00  7.692715E-01
      9015 -3.210685E-01  3.160887E+00  1.311964E+00
      9017 -2.947095E-01  3.566707E+00  1.265981E+00
      9018  8.874068E-02  2.056587E+00  8.413499E-01
      9019 -1.201120E+00  4.869215E+00  7.703304E-01
      9041 -6.665130E+00  1.231860E+01  4.052887E+00
      9043 -3.525709E+00  1.199584E+01  4.799973E+00
      9081 -3.678956E-02  6.360226E+00  1.121670E+00
      9127 -3.324608E-01  2.850518E+00  1.080875E+00
      9128 -1.294584E+00  1.106489E+01  1.706587E+00
      9138 -9.897417E-01 -3.917300E-01 -4.502233E-01
      9139  0.000000E+00  0.000000E+00  0.000000E+00
      9140  0.000000E+00  0.000000E+00  0.000000E+00
      9141 -4.053201E-01 -3.762888E+00  1.068291E+00
      9146  2.729297E-01 -8.577022E-02 -3.110977E-01
      9172 -1.513698E-01  4.685720E+00  5.111317E-01
      9199  2.315458E+00  5.495386E+00 -1.491869E+00
      9205  3.072098E-03 -1.649658E-01 -1.635386E-01
      9215 -7.741951E-01  3.790731E+00  2.193240E-04
      9278  6.325264E-03  1.109276E-02 -1.072445E-02
      9279  0.000000E+00  0.000000E+00  0.000000E+00
      9280  7.275126E-01  2.152153E+00 -1.738039E-01
      9309  1.715586E+00 -4.570677E+00 -2.324646E-01
      9333 -1.215697E-01  7.874938E+00  3.742098E-01
      9337  5.862452E-01 -1.795192E+00 -6.612456E-01
      9338  7.116790E-01 -4.529873E+00  1.814125E+00
      9417  6.836640E-01  3.058536E-02 -3.324047E-01
      9418 -2.388397E-02 -3.015020E-02 -1.585703E-02
      9419  0.000000E+00  0.000000E+00  0.000000E+00
      9420  0.000000E+00  0.000000E+00  0.000000E+00
      9422 -5.573394E-01  1.946982E+00  1.060819E+00
      9437  1.088277E+00 -3.969270E+00 -7.465979E-01
      9453 -2.291842E+00 -3.674241E+00  6.960381E-01
      9454  0.000000E+00  0.000000E+00  0.000000E+00
      9455 -7.610147E-01 -6.888305E+00 -1.038352E+00
      9460  1.146207E+00 -8.777615E+00 -2.224781E+00
      9461  4.101995E+00 -3.931945E+00  1.027163E+00
      9462  6.522583E-01 -5.920485E-01 -1.331303E-01
      9463  3.650157E-01 -2.351316E+00 -7.903048E-01
      9464  4.718469E-01 -2.547965E+00 -5.308934E-01
      9485  2.228100E-01  5.735160E-01  3.168823E-01
      9486  0.000000E+00  0.000000E+00  0.000000E+00
      9487  3.647360E-01 -1.945859E-01 -6.692267E-01
      9488  0.000000E+00  0.000000E+00  0.000000E+00
      9489  1.417255E+00 -5.302673E+00  4.754145E-01
      9490  1.202018E-01 -8.832556E-02 -1.595170E-01
      9491  3.173770E-01 -9.841301E-01  1.560045E-01
      9495  7.163482E-01 -1.791942E+00  5.627540E-02
      9534  0.000000E+00  0.000000E+00  0.000000E+00
      9638  2.138391E-01 -2.249532E-01  9.304535E-02
      9661  0.000000E+00  0.000000E+00  0.000000E+00
      9662  4.369962E-01  1.926328E-01  1.403660E-01
      9663 -1.932892E+00 -3.719195E+00 -2.627721E+00
      9666 -8.121177E-01 -3.367275E+00 -3.384735E-01
      9667 -8.104179E-01 -1.893432E+00 -7.963471E-01
      9669 -9.148846E-01 -3.162032E-01 -5.470014E-01
      9670 -5.669868E-01 -3.761274E+00 -2.006565E-01
      9671 -7.103905E-01 -1.449563E+00 -6.583153E-01
      9736  4.468804E-02  1.326543E+01  1.779550E+00
      9743 -2.619547E-01 -1.815972E-01 -1.900882E-01
      9780 -9.131829E-01 -3.336170E+00  4.308283E-01
      9793  0.000000E+00  0.000000E+00  0.000000E+00
     10048 -9.215939E-01 -2.113260E+00  1.312918E+00
     10073 -6.867179E-02 -1.302806E-01 -1.435488E+00
     10100  4.281597E-01 -2.464320E+00 -1.021212E-02
     10161 -9.811569E-01 -2.932645E+00  5.519871E-01
     10162 -1.583258E-01 -1.158652E+00  7.013418E-01
     10169  2.041186E+00  9.351278E+00  2.236404E+00
     10194 -8.022834E-02  1.907965E+00 -3.252555E+00
     10228 -2.726970E-01 -1.129408E+01  4.074991E+00
     10231  7.725581E-01 -5.174047E-01 -2.084984E-01
     10260  0.000000E+00  0.000000E+00  0.000000E+00
     10454  3.258572E+00 -5.599322E+00 -8.877242E-01
     10461  0.000000E+00  0.000000E+00  0.000000E+00
     10514 -8.858434E-01 -1.625370E+00  7.576399E-02
     10515 -4.038761E-01 -7.595111E-01 -2.424426E-01
     10521 -3.052083E-01  4.904501E-01 -4.279738E+00
     10524  0.000000E+00  0.000000E+00  0.000000E+00
     10606  7.555734E-01 -1.077466E+00 -2.027827E+00
     10609  7.918374E-01 -4.211938E+00 -4.371821E+00
     10628 -1.165264E+00 -1.520462E+00  9.413982E-01
     10656 -7.535143E-01 -1.496147E+00  1.691939E+00
     10660 -1.187180E+00 -8.385499E-01  1.126939E+00
     13435  3.136632E-01  8.891181E-01 -5.112488E-01
     13436  3.955065E-01  8.256646E-01 -3.576653E-01
     13437 -8.131153E-01 -1.263126E+00  4.832494E-01
     13438  3.545964E-01  4.740642E-01 -1.094655E-01
     13439 -7.342830E-01 -1.194157E+00 -2.527333E-01
     13440 -8.354557E-01 -1.569910E+00 -3.100023E-01
     13473 -5.711405E-01 -1.317718E+00  1.427767E-03
     13542  1.611219E-01 -2.194944E-01  2.544185E-02
     13543 -1.518004E-01  3.772029E-02 -1.445540E-02
     13546  1.561550E-01 -1.130008E-01 -7.686172E-03
     13547  0.000000E+00  0.000000E+00  0.000000E+00
     13563  6.125631E-01  1.040701E+00  2.028298E-02
     13570 -4.200511E-02  7.273682E-02 -1.786397E-01
     13571  2.757856E-02 -1.867366E-02 -6.394659E-02
     13573 -1.587680E-01  5.823411E-02  2.262776E-02
     13574  0.000000E+00  0.000000E+00  0.000000E+00
     13575  0.000000E+00  0.000000E+00  0.000000E+00
     13576  0.000000E+00  0.000000E+00  0.000000E+00
     13577  0.000000E+00  0.000000E+00  0.000000E+00
     13578  0.000000E+00  0.000000E+00  0.000000E+00
     13579 -1.225629E+00 -2.233155E+00 -4.631440E-01
     13588 -4.338129E-01 -8.643614E-01  1.247319E-01
     13590 -7.946029E-01 -1.610031E+00 -7.579802E-01
     13600 -3.368696E-02 -2.659848E-01 -5.487358E-01
     13601  1.335969E-01 -3.267128E-01 -4.490925E-01
     13602  0.000000E+00  0.000000E+00  0.000000E+00
     13603 -7.204693E-02 -3.741776E-01 -1.664089E-01
     13607  0.000000E+00  0.000000E+00  0.000000E+00
     13630  0.000000E+00  0.000000E+00  0.000000E+00
     13631 -9.439103E-02 -3.525983E-01  7.009250E-02
     13678  0.000000E+00  0.000000E+00  0.000000E+00
     13684  0.000000E+00  0.000000E+00  0.000000E+00
     13685 -3.232686E-01  9.899730E-01  4.857035E-01
     13697  0.000000E+00  0.000000E+00  0.000000E+00
     13698  0.000000E+00  0.000000E+00  0.000000E+00
     13699 -8.779485E-04  1.356514E-01  7.795687E-03
     13700  0.000000E+00  0.000000E+00  0.000000E+00
     13737 -1.152393E+00  1.398796E+00 -1.992649E-01
     13739  0.000000E+00  0.000000E+00  0.000000E+00
     13771  0.000000E+00  0.000000E+00  0.000000E+00
     13772 -1.677552E-01  8.153213E-02  1.062838E-01
     13782 -9.123834E-02  1.408663E-01 -5.976542E-02
     14300  0.000000E+00  0.000000E+00  0.000000E+00
     14301  0.000000E+00  0.000000E+00  0.000000E+00
     14307 -3.837740E-01  1.451334E-01 -3.578352E-02
     14362  4.911912E-01 -1.004299E+00  1.857293E-01
     14363  7.384332E-01 -1.628919E+00 -6.033425E-02
     14364  0.000000E+00  0.000000E+00  0.000000E+00
     14365 -2.185254E-01  2.177686E-01  3.422014E-02
     14378  2.672809E+00 -4.685135E+00 -1.956783E+00
     14379  3.456550E-01  1.421374E-01  1.706179E-01
     14380 -1.057957E+00  6.882102E-01  1.591255E-01
     14381  4.833395E-01 -4.505028E-01  2.887916E-02
     14382  2.321592E-01 -5.833573E-03 -1.986062E-01
     14383  3.282342E-01 -6.125402E-01 -3.114044E-01
     14479  3.463765E-01  9.781370E-02  9.270727E-02
     14644  1.419921E-01 -3.981628E-01  2.212469E-01
     14647 -6.263306E-01 -2.234678E+00 -1.591398E-01
     14648 -2.296306E-02 -5.491450E-02  1.832334E-01
     14654  0.000000E+00  0.000000E+00  0.000000E+00
     14694  2.710935E-03  4.398355E-02  1.423056E-02
     14702 -5.014387E-02  1.225262E-02  3.318500E-02
     14768  0.000000E+00  0.000000E+00  0.000000E+00
     14781  2.431199E-01 -1.679879E-01 -1.184717E-01
     14782  0.000000E+00  0.000000E+00  0.000000E+00
     14788  0.000000E+00  0.000000E+00  0.000000E+00
     14789 -2.715120E-03  4.839206E-03  5.082056E-03
     14790  1.434764E-03 -1.458621E-01 -1.022595E-01
     14795 -6.506391E+00 -8.208924E+00  1.503878E+00
     14800 -4.034988E+00 -6.934722E+00  3.728748E+00
     14802 -2.979907E+00 -4.552507E+00  5.440752E-01
     14805 -1.611544E+00 -1.107300E+00  6.308178E-01
     14814  5.894586E-01 -6.859328E-01  2.680992E-02
     14876  6.710537E-01 -1.184143E+00  7.588999E-01
     14877  1.099511E+00 -1.059064E+00  8.355144E-01
     14878  5.543690E-01 -7.678806E-01  1.226969E+00
     14880  2.976969E-02 -4.281311E+00  4.462766E-01
     14882  6.336520E-01 -2.610947E+00  4.409508E-01
     14883  1.170733E+00 -3.085574E+00  8.187828E-02
     14885  1.234221E+00 -1.049808E+00  3.899052E-01
     14886  9.640873E-01 -1.606162E+00  4.608539E-01
     14887  9.046989E-01 -8.099340E-01  2.363117E-01
     14889  3.163516E+00 -3.904245E+00  1.853877E-01
     14907  4.008353E+00 -4.958449E+00  1.235153E+00
     14908  5.285173E+00 -6.187969E+00  1.802349E+00
     14928 -4.567961E-02 -4.181717E-01  8.932419E-01
     14929 -7.891764E-01  2.342296E+00 -1.815491E+00
     14955  3.002384E-01 -2.628581E+00  4.627859E+00
     14959 -4.655075E-01 -9.633905E+00  5.779311E-01
     14968 -1.814044E-02 -1.541162E+01  2.037851E+00
     14981  1.348554E-01 -8.395951E+00  8.211790E-01
     14982 -1.405441E+00 -6.022691E+00  2.275933E+00
     14983  1.851662E+00 -1.123837E+01 -1.585321E+00
     14985 -1.614984E+00 -2.441081E+01  2.765582E+00
     14986  7.650193E-01 -3.212969E+00  2.412421E+00
     14987 -1.841635E-01 -1.656060E+00  7.793533E-01
     14989  0.000000E+00  0.000000E+00  0.000000E+00
     14990  0.000000E+00  0.000000E+00  0.000000E+00
     14991  1.631672E-01 -4.842824E+00  1.451440E+00
     14992  0.000000E+00  0.000000E+00  0.000000E+00
     14993 -2.160736E-01  2.439079E-01  6.088750E-01
     14994  2.599090E-01 -2.133688E+00 -1.728543E-01
     14995  7.258198E-03  1.214908E-03  5.612281E-02
     15668  0.000000E+00  0.000000E+00  0.000000E+00
