
                        S T E P       1


                                INCREMENT     1


 forces (fx,fy,fz) for set NPROX and time  0.1000000E+01

      1292  4.033025E-01  6.692008E-01 -8.939270E-01
      1293  8.561584E-01  2.550168E+00 -1.641884E+00
      1406  6.035774E-01  6.302834E+00  2.443055E+00
      1408 -3.079064E+00  7.690453E+00  3.483690E+00
      1418 -1.839760E+00  2.422422E+00  1.474633E-01
      1419 -1.843886E+00  2.064431E+00 -1.020435E-01
      1420 -4.848531E+00  8.693387E+00  1.959162E-01
      1524 -1.621205E+00  3.852439E+00 -1.331508E+00
      1525 -9.298611E-01  2.117441E+00 -4.693549E-01
      1526 -3.473931E-01  8.544225E-01 -8.706680E-01
      1527 -6.075353E-02  1.119127E-01 -1.787101E-01
      1528 -7.344517E-02  7.205505E-02 -7.466534E-01
      1556  4.038765E-01  8.013707E+00  9.371588E-01
      1557 -5.840023E-02  8.732625E+00  4.218222E-01
      1558  2.766127E-01  3.054952E+00  9.320582E-01
      1559  5.604924E-01  1.386063E+00  9.577821E-01
      1560 -6.277075E-01  4.549974E+00  8.893113E-01
      1561 -9.535130E-02  4.882286E+00  2.230926E+00
      1562  2.259234E+00  8.203526E+00  1.775856E+00
      1566  7.502597E-01  8.693189E+00  8.108366E-01
      1620 -1.226605E+00  3.081446E+00 -2.367510E+00
      1624  1.253521E+00  1.785383E+00  1.218647E-01
      1625  9.230343E-01  2.087810E+00  1.024321E-01
      1626  1.329280E+00  3.525131E+00  1.648390E-02
      1628  9.254265E-02 -3.331457E-03 -7.249710E-02
      1629  4.753619E-02 -4.962624E-03  1.612861E-02
      1797 -9.671466E-01 -1.592074E+00 -4.455301E-01
      1798 -1.719311E+00 -2.839751E+00 -1.102120E-01
      1799 -1.655216E+00 -4.273699E+00 -4.370125E-01
      1800  1.679867E+00 -1.252468E+00  1.547913E-01
      1801  2.165664E+00 -2.519505E+00 -8.792793E-02
      1802  1.516061E+00 -7.976189E-01  8.616695E-01
      1810 -9.288869E-01 -4.703513E+00  4.951327E-01
      1819  1.027511E+00 -1.435988E+00 -2.144107E-01
      1820  5.195112E-01 -2.784713E-01 -3.464372E-01
      1821  1.445544E+00 -1.432218E+00 -8.821022E-02
      1830  1.072439E+00  7.440699E+00  1.129035E+00
      1831  6.193053E-01  8.252440E+00  9.029810E-01
      1832 -1.492094E-01  3.760061E+00  9.452476E-01
      1833 -4.370303E-01  7.355257E+00  9.332892E-01
      1861 -2.088252E-01  1.016828E+00  3.407191E-01
      1862  1.349162E+00 -1.849382E+00 -2.557204E-01
      1863  1.103233E+00 -1.332804E+00 -2.067608E-01
      1873  0.000000E+00  0.000000E+00  0.000000E+00
      1874  3.111496E-01  9.401843E-02  8.042794E-02
      1875  0.000000E+00  0.000000E+00  0.000000E+00
      1888  5.184619E-03  1.706591E+00  5.696720E-01
      1889 -4.795190E-01  1.496803E+00  9.762398E-01
      1890  3.165879E-01  2.893068E+00  7.750530E-01
      1891  1.112720E+00  3.791251E+00  1.349803E+00
      1892  1.095534E+00  3.782585E+00 -3.965074E-01
      1893  4.121418E-01  2.284726E+00  8.389352E-01
      1914 -7.779319E-01  1.400587E+00 -9.411910E-02
      1915 -1.619757E+00  2.291371E+00 -6.399096E-03
      1916 -1.454759E+00  1.771533E+00  5.789628E-02
      1948 -1.077967E-01  1.560706E-01 -2.145227E+00
      1949  1.832147E+00  2.131537E+01  3.405402E+00
      1950  1.466632E+00  2.244841E+01  4.109598E+00
      1967  1.982355E+00 -1.990586E+01  8.010063E+00
      1968 -2.167588E+00 -1.607471E+01  3.367861E+00
      1969  2.160343E-01 -4.449172E+00  9.776515E-01
      1970  9.612637E-04  4.907373E-03 -7.920663E-03
      1971 -5.725203E-01 -3.410847E+00  1.348107E+00
      1976  1.640563E-01 -3.374785E+00  5.281896E-01
      1977 -1.542434E-01 -1.570939E+00  1.715081E+00
      1981  3.368162E+00 -2.697974E+01  4.405229E+00
      1982  9.149565E-01 -9.451750E+00  1.433438E+00
      2064 -1.134809E-01  3.220285E+00  1.013890E+00
      2065  4.204144E-01  3.837056E+00  1.657185E+00
      2077  4.582314E+00  6.980562E+00  1.097270E+00
      2078  3.894945E+00  7.196866E+00  2.837928E-01
      2440 -2.891264E-01 -1.033682E+00 -7.513763E-01
      2441 -5.805196E-01 -7.432659E-01 -5.039401E-01
      2442 -4.670454E-01 -6.385141E-01 -8.567171E-01
      2444  1.076652E+00  1.376173E+00 -3.068086E-02
      2445  1.986053E+00  6.968732E+00 -2.196566E+00
      2446  1.084979E+00  7.720449E-01 -6.407470E-01
      2447  3.289050E+00  1.005655E+01 -1.977008E+00
      2448  3.637062E+00  9.251749E+00 -1.148249E+00
      2449  0.000000E+00  0.000000E+00  0.000000E+00
      2450  1.078297E+00  1.175296E+00 -4.787176E-02
      2451 -2.292143E-01 -1.380208E+00 -2.516170E-02
      2452  1.505353E+00  1.313113E+00  5.635839E-01
      2453  3.398652E+00  2.514580E+00  2.593140E+00
      2454  1.087050E+00  1.666432E+00  5.794174E-02
      2455  3.629211E+00  8.549495E+00 -8.585959E-01
      2456  1.151845E+00  1.445219E+00 -2.197115E-01
      2457  1.848861E+00  2.403153E+00 -8.809336E-01
      2458  4.994558E-01  9.615574E-01 -7.194282E-01
      2459  1.197895E+00  1.530413E+00 -7.261239E-01
      2460  8.164732E-01  1.420048E+00 -5.079504E-01
      2461  7.309695E-01  7.192683E-01 -1.153897E+00
      2462  6.675486E-01  1.002165E+00 -8.115414E-01
      2463 -4.398860E-01 -5.508685E-01 -5.904695E-01
      2464 -1.868303E-01  1.236550E-01 -6.894605E-01
      2465 -8.097291E-02 -2.699545E-01  1.720148E-02
      2466  0.000000E+00  0.000000E+00  0.000000E+00
      2467  6.508058E-01  1.279407E+00  1.863465E-01
      2468  7.259877E-01  5.264709E-01  2.005066E-01
      2469  5.993824E-01  1.517381E+00 -1.152160E+00
      2470  6.399583E-01  1.035429E-01 -2.030228E-01
      2471 -5.427571E-01 -7.851651E-01 -8.795617E-01
      2481 -1.914138E+00 -4.084425E+00 -2.615796E+00
      2482 -1.946325E+00 -5.608985E+00 -1.143861E+00
      2483 -1.107899E+00 -6.347826E-01 -7.570903E-01
      3068 -4.103556E-01  3.194778E-01  1.752197E-01
      3069 -5.614756E-01 -1.029703E+00 -3.716381E-01
      3070 -8.517016E-01 -9.503747E-01 -4.866823E-01
      3071  0.000000E+00  0.000000E+00  0.000000E+00
      3072  0.000000E+00  0.000000E+00  0.000000E+00
      3073 -1.292283E-01  6.331928E-01 -8.413788E-01
      3074  5.026061E-01  5.346856E-01 -5.266510E-01
      3075  3.673540E-01  1.456397E+00 -8.216020E-01
      3076 -5.109996E-01 -1.203804E+00 -1.925345E+00
      3077  7.001191E-01 -1.283987E+00  9.862333E-01
      3078  3.188673E-01  1.376280E+00  3.196782E-01
      3079  1.665251E+00  4.338546E+00 -9.256810E-01
      3080  1.352629E+00  1.224626E+00  5.975544E-02
      3177 -2.735836E-01  5.454223E-01 -9.488394E-01
      3178 -5.732703E-01  1.776967E+00 -2.166488E+00
      3179 -4.911339E-01  7.556496E-01 -5.310100E-01
      3180 -4.084776E-01  5.054613E-01 -5.371275E-01
      3181 -8.685211E-01  3.872248E-01  5.053053E-01
      3182 -1.148493E+00  7.977238E-01  1.089034E-01
      3410 -6.583251E-01  2.003153E+00  5.974614E-01
      3465 -6.702872E-01  5.402196E+00  2.292180E+00
      3466  2.187897E+00  6.484645E+00  2.725976E+00
      3468  9.917808E+00  1.664761E+01  5.015592E+00
      3470  3.360740E-01  1.879867E+00 -2.205049E-01
      3472 -1.353866E-01  1.697584E+00  4.876786E-01
      3484 -1.977667E-01  7.786671E+00  1.433221E+00
      3487 -3.931542E-01  1.717301E-01  3.286282E-02
      3531  4.482168E+00  1.632229E+01  3.893866E+00
      3546 -2.321379E+00  7.022360E+00 -8.480608E-01
      3547 -4.136830E+00  9.504196E+00 -2.724971E+00
      3548 -6.864142E+00  8.462376E+00  4.150387E-01
      3551 -4.497579E+00  8.712001E+00  8.063624E-02
      3553 -8.966855E-01  1.983096E+00 -2.671788E-01
      3554 -1.264292E+00  2.339186E+00 -4.240453E-01
      3555 -5.280336E-01  7.947576E-01 -2.456691E-01
      3565 -3.904032E+00  2.791691E+00  2.576319E+00
      3568 -4.147101E+00  7.963825E+00 -1.333873E+00
      3584 -1.930373E-01  5.615424E-01 -1.026618E+00
      3585 -1.806680E-01  4.679249E-02 -1.000774E+00
      3599 -1.286699E+00  1.382947E+00 -3.753732E-01
      3600 -2.327890E+00  5.958827E+00 -9.412337E-01
      3601 -8.089948E-01  1.127365E+00 -1.927024E-02
      3602 -5.817903E-01 -1.252229E-01 -8.706272E-01
      3603 -1.658285E+00  1.982119E+00 -6.788945E-01
      3604  0.000000E+00  0.000000E+00  0.000000E+00
      3605  4.054735E-01 -7.220560E-01  2.307984E-01
      3606  9.653018E-01 -3.569757E-01  6.089202E-02
      3607  6.398299E-01 -5.619956E-01 -5.349948E-01
      3608  2.439248E-01  1.533794E-02 -5.011282E-01
      3609  3.027632E-01 -6.770186E-01 -6.155725E-01
      3610  3.265874E-01  6.749477E-01 -6.864704E-01
      3611  2.087028E-01 -3.786144E-01 -8.938154E-01
      3612 -6.816593E-02  3.050037E-01 -1.056381E+00
      3613 -6.903400E-01  6.805616E-01 -5.243944E-01
      3614  2.585891E-01  5.033870E+00  6.827385E-01
      3615  3.105620E-01  2.211057E+00  8.561052E-01
      3616 -1.023432E+00  1.351924E+00 -3.360465E-01
      3617 -1.022266E+00  1.676925E+00 -4.417063E-01
      3618 -1.768064E+00  2.084749E+00 -2.402633E-01
      3619 -1.401030E+00  1.722035E+00 -2.797991E-01
      3620 -4.811705E+00  5.578032E+00  4.138424E-01
      3621  0.000000E+00  0.000000E+00  0.000000E+00
      3622 -5.881830E-01  1.211987E+00  4.852851E-01
      3623  0.000000E+00  0.000000E+00  0.000000E+00
      3624  9.953227E-01 -6.247582E-01 -8.494973E-01
      3625  1.441393E+00  7.549692E-02  1.126631E+00
      3626  4.011014E-01 -4.056078E-01 -1.837469E-01
      3627  8.644416E-01 -1.534528E+00 -7.615218E-01
      3629 -2.978488E+00 -1.619133E+01  3.967377E+00
      3630 -4.076623E+00 -2.085298E+01  6.639947E+00
      3631  4.695579E+00 -2.950687E+01  6.364510E+00
      3632  8.607728E-01 -4.622880E+00  2.118180E+00
      3633  9.578634E-01 -2.000498E+00  1.550170E+00
      3638  5.131826E-01 -1.851416E+00  1.558296E+00
      3639  0.000000E+00  0.000000E+00  0.000000E+00
      3640  7.404576E-02 -4.417419E-01 -1.912649E-01
      3648 -7.962406E-01 -3.978206E+00  1.806193E+00
      3649 -6.121316E-01 -2.406161E+00  2.132109E+00
      3656 -5.634790E-01 -4.039517E+00  2.914540E+00
      3657  2.754255E-01 -5.223997E+00  2.360575E+00
      3658 -5.965921E-02 -3.800552E+00  1.141776E+00
      3659 -1.022203E+00 -3.739878E+00  1.228253E+00
      3660 -2.252394E-01 -4.399157E+00  1.517789E+00
      3661  0.000000E+00  0.000000E+00  0.000000E+00
      3662  5.146432E-02 -1.073607E+00 -6.095360E-02
      3663 -4.961719E-01 -1.796133E+00  9.813775E-01
      3664 -1.111608E-01 -3.879967E+00  9.142860E-01
      3665 -2.110205E-01 -1.963383E+00  7.341744E-01
      3666  5.458485E-01 -6.628297E+00  1.036477E-01
      3669 -5.006180E-01 -2.196416E+00  1.225597E+00
      3670 -4.171432E-01 -2.412649E+00  9.935449E-01
      3671 -1.598050E-01 -1.161563E+00  4.430032E-01
      3672 -6.410877E-02 -6.111135E+00  6.412416E-01
      3675 -2.126505E-01 -3.317166E+00  1.700784E+00
      3694 -1.219441E+00 -1.352771E+00 -4.482386E-02
      3695 -8.269918E-01 -1.240874E+00 -2.435762E-01
      3696 -1.009088E+00 -1.201826E+00 -6.846611E-02
      3701  1.400386E+00 -3.040500E+00 -1.159869E+00
      3705  1.894625E-01 -1.098602E+00 -4.004547E-01
      3706  8.019648E-01 -1.462186E+00 -6.356321E-01
      3707  9.481705E-01 -1.338396E+00 -8.479504E-01
      3708 -1.437855E+00  2.779657E+00 -1.167334E+00
      3709 -1.288856E+00  1.642011E+00 -4.021286E-01
      3719 -9.853216E-01 -2.140725E+00  7.166605E-02
      3720 -1.427198E+00 -4.189255E+00  9.394500E-02
      3724 -1.172934E+00 -1.566300E+00 -3.959944E-01
      3725  0.000000E+00  0.000000E+00  0.000000E+00
      3726  0.000000E+00  0.000000E+00  0.000000E+00
      3727 -1.312157E+00 -1.234975E+00  1.609744E-01
      3766  2.043552E+00  2.004190E+01  4.718584E+00
      3767  1.230757E+00  1.364649E+01  2.693414E+00
      3768  7.339748E-01  3.312254E+00  1.361171E+00
      3769 -1.471395E-01  2.266481E+00  1.408329E+00
      3770  3.169292E-01  1.045876E+00  6.979254E-01
      3771  3.898908E-01  1.014099E+00  7.488167E-01
      3772  7.520757E-02  1.329192E+00  6.533818E-01
      3773  3.087322E-01  1.108676E+00  3.883166E-01
      3774  3.134899E-01  1.665474E+00  5.610426E-01
      3775  4.166842E-01  2.315765E+00  3.927122E-01
      3776  4.869049E-01  7.558396E+00  1.567965E+00
      3777  4.345062E-01  2.627146E+00  7.981617E-01
      3778  6.787799E-01  6.438561E+00  9.811774E-02
      3779  2.339046E-01  1.434802E+00  2.571163E-01
      3780  1.072491E-01  6.174721E+00 -1.414124E-01
      3808  4.443452E-01  1.858638E+00  1.365867E+00
      3809  2.220977E-01  7.527546E-01  4.052454E-01
      3830  6.512674E+00 -1.918586E+01  5.447519E+00
      3831  2.940393E+00 -8.928336E+00  2.247557E+00
      3832  9.107843E-01 -2.787991E+00  1.475488E+00
      3845  0.000000E+00  0.000000E+00  0.000000E+00
      3846  0.000000E+00  0.000000E+00  0.000000E+00
      3847  0.000000E+00  0.000000E+00  0.000000E+00
      3848 -1.054356E+00  2.292976E+00  9.255256E-01
      3849  4.677023E-01 -1.285207E+00  5.470163E-01
      3850 -7.733244E-01  1.344896E+00  3.557571E-01
      3876 -6.842985E-01  1.038499E+00 -8.839416E-01
      3877 -1.350664E+00  2.707260E+00 -2.064394E+00
      3878 -7.823127E-01  1.455347E+00 -4.799921E-01
      3883  2.089120E-01 -4.028266E-01 -1.060026E+00
      3884  3.309205E-01 -3.615203E-01 -2.485259E+00
      3888 -1.574185E-02 -9.655615E+00  1.513186E+00
      3917 -4.985537E-01  3.236996E+00  9.141073E-01
      3918 -7.048629E-01  4.272742E+00  1.122896E+00
      3919  3.154675E-01  1.159491E+00  9.784611E-01
      3923  1.728766E+00  2.041104E+00 -3.499654E-01
      3924  1.374716E+00  1.913237E+00 -3.886771E-01
      3932 -4.163439E-01  2.786686E+00  1.397243E+00
      3933 -2.304651E-01  9.905651E-01  5.417548E-01
      3934 -4.119322E-01  5.402277E-02  6.054671E-01
      3969 -2.698165E-01  2.270200E+00  4.608792E-01
      3970 -6.478686E-01  4.655053E+00  6.428155E-01
      3973  5.254410E-01  1.983364E+00  9.944701E-01
      3974 -8.238133E-01  4.252939E+00  2.001405E+00
      3975  5.049062E-02  2.638268E+00  1.076819E+00
      3977 -2.978278E+00  9.220846E+00  1.447344E+00
      3978  7.329596E-01  2.656101E+01  6.232888E+00
      3979  4.634702E-01  1.793827E+00  1.136490E+00
      3980 -1.838357E-02  4.218768E+00  1.317132E+00
      3981  4.594508E-02  3.221521E+00  9.980932E-01
      3982 -8.273636E-01  4.226767E+00 -8.133773E-02
      3983  4.332719E-01  4.268192E+00  1.128963E+00
      3993 -1.029995E-02  4.393601E+00  5.465364E-01
      4046 -2.956675E-02 -8.956418E-01 -6.664690E-01
      4047  3.106208E-01  7.589443E-01 -2.468032E+00
      4057  1.127209E+00  1.951951E+00 -5.152596E-01
      4058  1.660496E+00  3.454025E+00 -2.214607E-01
      4063  1.746647E+00  3.160992E+00 -1.148816E+00
      5160  2.001219E-01 -6.013589E-01 -7.670662E-01
      5161 -3.639208E-02 -1.752337E-01 -3.172566E-01
      5162 -1.088772E-01 -1.089631E-01 -9.342620E-01
      5163 -8.864998E-01 -2.177106E+00 -8.316181E-01
      5164 -8.060316E-01 -1.867889E+00 -1.538679E+00
      5167  1.759751E+00  3.545259E+00 -2.972724E-01
      5170  1.563164E+00  3.155334E+00 -4.879836E-03
      5483 -2.471843E+00  2.025387E+01  1.739077E+00
      5484 -8.007017E-02  6.045458E+00  8.688666E-01
      5485  2.897084E-01  2.457044E+00  8.908644E-01
      5486 -1.076312E+00  4.880491E+00 -5.820699E-01
      5487 -3.322933E-01  2.870394E+00  5.170820E-01
      5488 -3.040944E-01  9.500240E-01  4.221161E-01
      5493  3.535439E-01  5.182197E-01 -2.218707E-01
      5503  2.863485E+00 -1.030137E+01  1.914437E+00
      5509 -5.955494E-01 -2.071266E+00  3.721660E+00
      5524  1.253885E-01  1.178645E+00  7.860029E-01
      5525 -1.709882E-01  7.316332E-01  1.048081E+00
      5612  4.884315E+00  1.308381E+01  3.868282E+00
      5615 -1.776978E-01 -1.771666E-01 -2.858971E-01
      5616  0.000000E+00  0.000000E+00  0.000000E+00
      5620 -1.144065E+00  5.414161E+00  2.298899E+00
      5621 -3.440296E+00  2.247799E+01  5.323684E+00
      5622 -1.011249E+00  1.717669E+01  3.591490E+00
      5623 -2.196422E+00  1.165569E+01  1.973372E+00
      5635 -2.233961E+00  5.262415E+00 -3.340642E-02
      5636 -2.194502E+00  5.428798E+00 -1.318628E+00
      5638 -1.900641E+00  4.292582E+00  2.180843E-02
      5701  3.957890E+00  7.556576E+00  1.257818E-01
      5702  1.561470E+00  2.800222E+00 -5.658913E-01
      5776  1.615212E-01  6.376108E-01 -4.209311E-01
      5777  6.676757E-01  3.607542E+00 -3.386488E+00
      5778 -2.402917E-02  2.775178E+00  4.023465E-01
      6003  1.459773E+00 -3.369248E+00 -3.057592E-01
      6004  1.727792E+00 -3.212087E+00 -4.421451E-01
      6039  6.575117E-02  4.913260E-02 -2.379603E-03
      6048 -2.441393E+00 -3.030104E+00  5.332255E-01
      6075 -1.821865E-01  1.874378E+00  6.436380E-01
      6076  0.000000E+00  0.000000E+00  0.000000E+00
      6157  1.724947E-01 -2.886990E+00  7.710056E-01
      6158 -1.207754E-01 -2.940428E+00  1.469747E+00
      6160 -5.609577E+00 -1.162792E+01  3.992183E+00
      6161 -1.072406E+00 -7.809265E+00  3.256005E+00
      6162 -1.673625E-01 -2.305361E+00  2.541685E+00
      6163 -2.964880E-01 -1.783709E+00  1.442593E+00
      6165 -8.790936E-01 -7.113514E+00  1.581422E+00
      6176  9.706891E-01 -9.034805E+00  2.995085E+00
      6181 -3.277240E+00 -1.126880E+00  8.914660E-01
      6182 -5.852622E-02 -1.352458E+00  5.912452E-01
      6192  1.055633E+00 -3.768710E+00  5.643059E-01
      6194 -7.687230E-03 -1.647582E+00  9.696100E-01
      6195  4.070674E-01 -3.465340E+00  8.268301E-01
      6196  3.873409E-01 -2.089035E+00  6.338624E-01
      6199 -1.100948E-01 -2.794706E+00 -2.826035E-01
      6200  3.296324E-01 -2.725708E+00  4.857725E-01
      6202  1.072470E+00 -8.098727E+00  1.504590E+00
      6239 -2.400100E-01  2.278837E-01 -2.251271E-02
      6240 -1.117515E+00 -1.879984E+00  1.229459E+00
      6241 -2.499483E-01 -1.929178E+00  7.395341E-01
      6245 -3.354575E-01 -4.312036E+00  9.516495E-01
      6246  9.916316E-01 -6.106267E+00  8.402329E-01
      6254  4.204515E-01 -2.381430E+00  1.111513E+00
      6255  2.566452E-01 -1.774448E+00  1.088032E+00
      6256  7.614489E-02 -1.174797E+00  6.085012E-01
      6257  1.738569E-01 -3.296327E+00  1.683563E+00
      6258  5.069051E-01 -1.098825E+00  1.084710E+00
      6259  1.908559E-01 -3.096720E+00  1.015351E+00
      6260  5.401856E+00 -1.053760E+01  3.030814E+00
      6261  9.835267E-01 -2.530212E+00  1.885793E+00
      6377  1.210611E+00  3.943090E+00 -1.732746E+00
      6378  1.539463E+00  4.097016E+00 -1.434761E+00
      6379  3.320376E-01  1.042704E+00 -4.618421E-01
      6400 -3.134291E+00  8.119255E+00 -1.893891E-01
      6401  0.000000E+00  0.000000E+00  0.000000E+00
      6402 -3.411991E-01  4.797141E-01  3.489553E-01
      6403  8.112281E-02 -1.152544E-01 -3.178034E-02
      6404  2.676066E+00 -6.580602E+00 -2.547465E+00
      6405  2.907193E+00 -1.487008E+01 -1.314714E+00
      6407  1.082336E+00  4.641767E-01  1.579441E+00
      6420 -1.347565E+00 -1.955664E-01 -3.276565E-02
      6421 -3.412679E+00 -6.729269E+00 -1.354931E+00
      6422 -2.556028E+00 -9.243562E+00 -3.121705E+00
      6423 -1.285751E+00 -8.214837E-01  4.761826E-01
      6428 -1.101739E+00  1.162459E+00 -1.623545E-01
      6433 -7.418092E-01 -1.310844E+00  4.704761E-01
      6435  1.544903E+00  1.806729E+00 -4.105593E-01
      6436 -6.923558E-01 -9.729855E-01 -2.625311E-01
      6437  3.021508E-01  7.459384E-01  4.957768E-01
      6438  0.000000E+00  0.000000E+00  0.000000E+00
      6439 -5.405184E-01 -9.828305E-01 -7.993625E-01
      6721 -1.200777E-01 -2.485180E+00  1.514644E+00
      6744 -1.382726E+00 -5.037636E+00  2.354770E-01
      6745  0.000000E+00  0.000000E+00  0.000000E+00
      6749  3.217044E-01 -4.327041E+00  1.188073E+00
      6788 -8.004390E-01 -3.023441E+00 -1.843589E-01
      6789 -5.097861E-02 -3.131698E-01 -7.237566E-01
      6790 -3.673935E-03 -7.330344E-01  6.050958E-01
      6791  1.738870E-01 -2.533993E+00  1.271756E+00
      6792  6.491101E-01 -3.524423E+00  7.816214E-01
      6793 -4.115913E-01 -9.512271E+00  2.482744E+00
      6795 -6.310371E+00 -2.415312E+01  4.441108E+00
      6798 -2.398959E+00 -8.043702E+00  1.834365E+00
      6799  9.740023E-02 -3.314755E+00  1.086382E+00
      6800  1.454784E+00 -1.057340E+01  1.843302E+00
      6801  3.312547E-02 -1.989106E+00  9.231864E-01
      6803  3.039371E-01 -7.544352E+00  2.171026E-01
      6804 -3.344660E-01 -6.902893E+00  7.040738E-01
      6819  7.958769E-01 -4.661265E+00  5.922306E-01
      6825  6.699722E-03 -3.112898E+00  1.028004E+00
      6827 -6.250311E-01 -8.527449E-01 -3.034268E-01
      6828 -6.492440E-01 -1.716588E+00 -2.376597E-01
      6830 -6.850726E-01  3.071786E+00  4.643278E-01
      6841  1.398528E-01 -7.141650E-02 -1.763770E-01
      6842  1.858170E+00 -6.170755E+00 -2.573715E+00
      6865 -1.344464E+00  3.661804E+00 -1.233296E+00
      6866 -2.390587E+00  7.704963E+00 -3.528180E+00
      6880  1.358756E+00 -1.044927E+00  7.166095E-02
      6881 -7.388712E-01  2.169314E+00 -7.273775E-01
      6882 -1.851268E-01 -5.052997E-01 -1.110796E+00
      6883  3.118038E-01  1.261632E+00 -9.890433E-01
      6884 -3.146385E-01 -1.283037E+00 -2.423552E+00
      6916  2.939053E-01 -5.765366E-01  1.712039E-01
      6917  9.185842E-01 -3.307607E-01 -4.158206E-01
      6918 -4.524830E-01 -8.740381E-01 -1.553972E+00
      6930  0.000000E+00  0.000000E+00  0.000000E+00
      6940  2.816060E+00 -4.284295E+00 -7.750165E-01
      6941  7.011353E-01 -4.641165E-01 -1.944315E-01
      6944 -2.290493E+00 -3.744353E+00 -6.744984E-01
      6945 -8.561790E-01 -1.328407E-01 -4.889087E-01
      6946 -2.941029E+00 -5.805019E+00 -9.994715E-01
      6965  6.469272E+00 -7.372487E+00  2.125768E+00
      6988 -1.445232E+00  2.388977E-01  1.046281E-01
      6993  0.000000E+00  0.000000E+00  0.000000E+00
      6994  0.000000E+00  0.000000E+00  0.000000E+00
      6999 -4.165168E-01 -3.088379E-01 -1.231863E-01
      7025  1.599386E+00  3.232909E+00 -1.960122E+00
      7145  3.917184E-02 -5.155250E-02 -7.988342E-01
      7155  3.042333E-02 -8.301845E-02 -1.325891E+00
      7183 -1.482299E-01 -4.262286E-01 -4.534015E-01
      7184 -3.766661E-01 -6.003192E-01 -3.960166E-01
      7185  3.666368E-01  3.641370E-01 -2.256973E-01
      7186 -6.312409E-01 -1.821638E+00  6.676241E-01
      7250  1.037551E+00 -5.366363E+00 -2.129984E+00
      7251  5.686789E+00 -6.045193E+00 -1.009032E+00
      7256 -1.453518E+00 -3.227685E+00 -4.632142E+00
      7265 -3.901672E-01 -2.263835E+00  7.813922E-01
      7266 -7.545490E-01 -1.596057E+00  1.989585E-01
      7267 -4.109835E-01 -4.324946E+00 -1.465946E-01
      7268 -3.687085E-02 -1.430232E+00  2.102234E-01
      7269  0.000000E+00  0.000000E+00  0.000000E+00
      7282  5.531653E-01 -1.252329E+00  1.148442E+00
      7288 -3.193583E-01 -3.884495E-01 -2.107552E-01
      7953 -1.944155E-01  2.084744E+00 -3.317956E-01
      7974  3.360531E+00  5.987917E+00 -4.444534E-01
      7975  1.872061E+00  2.107731E+00  5.022778E-01
      7983  2.392526E-01 -4.380761E-01 -5.116809E-01
      7984  3.489916E-03 -3.786559E-01 -1.053015E+00
      7985  4.339564E-01 -1.067110E+00  5.460381E-01
      7993 -3.763765E+00 -6.328004E+00  1.282808E+00
      7996 -1.025722E+00 -7.538176E-01  2.617102E-01
      7997 -1.844208E+00 -1.600066E+00  8.407478E-02
      8063 -3.711250E+00 -7.047107E+00  9.929163E-02
      8072  1.087788E+00  1.231088E+00 -3.915052E-01
      8073  8.918254E-01 -3.017153E+00 -1.582305E+00
      8078  9.446592E-01 -2.070140E+00  9.440509E-01
      8079 -3.002217E-01 -3.712994E+00  9.978970E-01
      8092  6.756233E-01 -4.652955E+00  2.452567E+00
      8099 -7.565730E-01 -2.239512E-01  1.823466E-01
      8236  4.988984E-01  4.044629E+00  1.879330E-01
      8237 -1.335800E+00  3.783971E+00  5.817671E-01
      8731  1.113626E+00  3.526830E+00 -5.311746E+00
      8897 -1.605475E+00  4.379447E+00 -4.798851E-02
      8927  9.663733E-01  2.745683E+01  6.598322E+00
      8928 -1.085221E-01  2.802749E+00  1.192704E+00
      9013 -2.612711E-01  2.610859E+00  4.140588E-01
      9014 -6.830017E-01  2.101728E+00  7.175632E-01
      9015 -2.863842E-01  3.103054E+00  1.261250E+00
      9017 -2.569279E-01  3.456990E+00  1.192449E+00
      9018  7.803053E-02  1.977187E+00  7.987577E-01
      9019 -1.123051E+00  4.708240E+00  6.672201E-01
      9041 -6.860165E+00  1.331849E+01  4.349822E+00
      9043 -3.594718E+00  1.278573E+01  4.951851E+00
      9081 -4.410084E-02  6.075031E+00  9.361933E-01
      9127 -3.101516E-01  2.756108E+00  1.050728E+00
      9128 -1.259068E+00  1.135051E+01  1.594668E+00
      9138 -1.003563E+00 -3.748542E-01 -4.917727E-01
      9139  0.000000E+00  0.000000E+00  0.000000E+00
      9140  0.000000E+00  0.000000E+00  0.000000E+00
      9141 -3.691405E-01 -3.607056E+00  1.027526E+00
      9146  2.461036E-01 -1.049699E-01 -3.106903E-01
      9172 -1.473804E-01  4.501096E+00  5.048892E-01
      9199  2.203666E+00  5.241149E+00 -1.416473E+00
      9205  3.113183E-03 -1.566180E-01 -1.548864E-01
      9215 -7.284094E-01  3.647214E+00  1.082097E-02
      9278  6.344756E-03  1.026339E-02 -1.547333E-02
      9279  0.000000E+00  0.000000E+00  0.000000E+00
      9280  6.959469E-01  2.055630E+00 -1.739124E-01
      9309  1.655555E+00 -4.404873E+00 -2.136443E-01
      9333 -9.262677E-02  7.587704E+00  3.524931E-01
      9337  5.499669E-01 -1.707392E+00 -6.104717E-01
      9338  6.436085E-01 -4.394892E+00  1.759860E+00
      9417  6.561943E-01  3.227550E-02 -3.312108E-01
      9418 -2.274248E-02 -2.804898E-02 -1.497088E-02
      9419  0.000000E+00  0.000000E+00  0.000000E+00
      9420  0.000000E+00  0.000000E+00  0.000000E+00
      9422 -5.239425E-01  1.872551E+00  1.026841E+00
      9437  8.647407E-01 -3.672512E+00 -7.634610E-01
      9453 -2.383737E+00 -3.651420E+00  6.343833E-01
      9454  0.000000E+00  0.000000E+00  0.000000E+00
      9455 -5.683167E-01 -6.671956E+00 -8.806374E-01
      9460  9.292199E-01 -8.444539E+00 -1.996643E+00
      9461  5.119868E+00 -5.411837E+00  1.396955E+00
      9462  6.236814E-01 -5.678911E-01 -1.306264E-01
      9463  3.325791E-01 -2.244093E+00 -7.116962E-01
      9464  4.150506E-01 -2.414424E+00 -4.529151E-01
      9485  2.310640E-01  5.263865E-01  2.826190E-01
      9486  0.000000E+00  0.000000E+00  0.000000E+00
      9487  3.472175E-01 -1.798143E-01 -6.341419E-01
      9488  0.000000E+00  0.000000E+00  0.000000E+00
      9489  1.324387E+00 -5.058993E+00  5.014962E-01
      9490  9.468579E-02 -9.677931E-02 -1.516283E-01
      9491  2.973221E-01 -9.464666E-01  1.643522E-01
      9495  6.649347E-01 -1.720017E+00  7.834781E-02
      9534  0.000000E+00  0.000000E+00  0.000000E+00
      9638  2.008294E-01 -2.112948E-01  8.949058E-02
      9661  0.000000E+00  0.000000E+00  0.000000E+00
      9662  4.105332E-01  1.754951E-01  1.285772E-01
      9663 -1.815905E+00 -3.551418E+00 -2.439982E+00
      9666 -7.753829E-01 -3.221686E+00 -2.985064E-01
      9667 -7.484318E-01 -1.806549E+00 -7.268478E-01
      9669 -8.730744E-01 -3.108410E-01 -5.059594E-01
      9670 -5.124357E-01 -3.599192E+00 -1.167098E-01
      9671 -6.396595E-01 -1.334893E+00 -5.680363E-01
      9736  1.746261E-01  1.352405E+01  1.612982E+00
      9743 -2.465872E-01 -1.695618E-01 -1.776328E-01
      9780 -8.725107E-01 -3.212562E+00  4.155504E-01
      9793  0.000000E+00  0.000000E+00  0.000000E+00
     10048 -9.094226E-01 -2.096438E+00  1.281570E+00
     10073 -6.635390E-02 -1.432141E-01 -1.330556E+00
     10100  4.117006E-01 -2.381011E+00  5.945004E-04
     10161 -9.445168E-01 -2.837952E+00  5.344983E-01
     10162 -1.500363E-01 -1.122148E+00  6.764752E-01
     10169  2.151046E+00  9.711873E+00  2.264390E+00
     10194 -6.793546E-02  1.837247E+00 -3.007466E+00
     10228 -1.265979E-01 -1.184144E+01  4.040644E+00
     10231  7.532669E-01 -4.986000E-01 -1.988745E-01
     10260  0.000000E+00  0.000000E+00  0.000000E+00
     10454  3.174936E+00 -5.671300E+00 -9.286262E-01
     10461  0.000000E+00  0.000000E+00  0.000000E+00
     10514 -8.509479E-01 -1.558954E+00  7.559626E-02
     10515 -3.823199E-01 -7.218884E-01 -2.341773E-01
     10521 -2.769167E-01  4.250994E-01 -3.937815E+00
     10524  0.000000E+00  0.000000E+00  0.000000E+00
     10606  7.060976E-01 -1.140971E+00 -1.888616E+00
     10609  6.818785E-01 -4.200208E+00 -4.000740E+00
     10628 -1.145814E+00 -1.494572E+00  9.222980E-01
     10656 -7.474015E-01 -1.476554E+00  1.641845E+00
     10660 -1.153866E+00 -8.345772E-01  1.101473E+00
     13435  3.024421E-01  8.418892E-01 -4.910258E-01
     13436  3.850396E-01  7.809281E-01 -3.394705E-01
     13437 -7.929666E-01 -1.200260E+00  4.460232E-01
     13438  3.422446E-01  4.457442E-01 -9.785677E-02
     13439 -7.018347E-01 -1.222470E+00 -2.176313E-01
     13440 -7.988695E-01 -1.490924E+00 -3.002066E-01
     13473 -5.390726E-01 -1.265580E+00  8.844193E-03
     13542  1.322251E-01 -1.868152E-01  2.468806E-02
     13543 -1.317420E-01  2.579153E-02 -1.675545E-02
     13546  1.130008E-01 -1.241935E-01 -1.751917E-02
     13547  0.000000E+00  0.000000E+00  0.000000E+00
     13563  5.879728E-01  9.918675E-01  2.078121E-02
     13570 -1.915645E-02  6.303794E-02 -1.699178E-01
     13571  6.504620E-02 -3.290585E-02 -5.868610E-02
     13573 -1.963370E-01  7.594970E-02  2.111552E-02
     13574  0.000000E+00  0.000000E+00  0.000000E+00
     13575  0.000000E+00  0.000000E+00  0.000000E+00
     13576  0.000000E+00  0.000000E+00  0.000000E+00
     13577  0.000000E+00  0.000000E+00  0.000000E+00
     13578  0.000000E+00  0.000000E+00  0.000000E+00
     13579 -1.169642E+00 -2.139588E+00 -4.384634E-01
     13588 -4.069324E-01 -8.266833E-01  1.094809E-01
     13590 -7.452775E-01 -1.545434E+00 -7.123736E-01
     13600 -3.802430E-02 -2.414843E-01 -5.035930E-01
     13601  1.065491E-01 -2.953743E-01 -4.114070E-01
     13602  0.000000E+00  0.000000E+00  0.000000E+00
     13603 -1.333582E-02 -3.269385E-01 -2.020823E-01
     13607  0.000000E+00  0.000000E+00  0.000000E+00
     13630  0.000000E+00  0.000000E+00  0.000000E+00
     13631 -1.242025E-01 -3.884814E-01  2.996305E-02
     13678  0.000000E+00  0.000000E+00  0.000000E+00
     13684  0.000000E+00  0.000000E+00  0.000000E+00
     13685 -3.375747E-01  9.268673E-01  4.411225E-01
     13697  0.000000E+00  0.000000E+00  0.000000E+00
     13698  0.000000E+00  0.000000E+00  0.000000E+00
     13699  5.984776E-02  2.554651E-01 -2.940297E-03
     13700  0.000000E+00  0.000000E+00  0.000000E+00
     13737 -1.870773E+00  2.239675E+00 -3.652862E-01
     13739  0.000000E+00  0.000000E+00  0.000000E+00
     13771  0.000000E+00  0.000000E+00  0.000000E+00
     13772 -1.590828E-01  7.950678E-02  1.008074E-01
     13782 -8.489491E-02  1.068820E-01 -5.598899E-02
     14300  0.000000E+00  0.000000E+00  0.000000E+00
     14301  0.000000E+00  0.000000E+00  0.000000E+00
     14307 -3.672392E-01  1.373025E-01 -3.358861E-02
     14362  4.756565E-01 -9.799013E-01  1.984440E-01
     14363  6.926604E-01 -1.547924E+00 -5.065961E-02
     14364  0.000000E+00  0.000000E+00  0.000000E+00
     14365 -1.803795E-01  1.521968E-01  3.302474E-02
     14378  2.449613E+00 -4.418784E+00 -1.802475E+00
     14379  3.416750E-01  1.414032E-01  1.340375E-01
     14380 -9.573180E-01  6.111780E-01  1.276700E-01
     14381  4.704373E-01 -4.237822E-01  9.769949E-03
     14382  2.243235E-01 -7.977102E-03 -2.017863E-01
     14383  3.013867E-01 -5.878931E-01 -2.926292E-01
     14479  3.603895E-01  8.945133E-02  1.007367E-01
     14644  1.246309E-01 -3.767430E-01  2.030174E-01
     14647 -5.717637E-01 -2.141454E+00 -1.036969E-01
     14648 -3.279613E-02 -5.654126E-02  1.715592E-01
     14654  0.000000E+00  0.000000E+00  0.000000E+00
     14694 -2.076023E-02 -7.236287E-02  2.570809E-02
     14702 -4.681353E-02  1.148815E-02  3.100683E-02
     14768  0.000000E+00  0.000000E+00  0.000000E+00
     14781  2.027804E-01 -1.416146E-01 -1.159762E-01
     14782  0.000000E+00  0.000000E+00  0.000000E+00
     14788  0.000000E+00  0.000000E+00  0.000000E+00
     14789 -2.896738E-03  5.272738E-03  4.167693E-03
     14790  9.181362E-03 -1.521822E-01 -9.438507E-02
     14795 -6.644788E+00 -8.792285E+00  1.518791E+00
     14800 -4.278535E+00 -7.650734E+00  3.965207E+00
     14802 -2.957322E+00 -4.763869E+00  4.067473E-01
     14805 -1.563679E+00 -1.106001E+00  6.032087E-01
     14814  5.800846E-01 -6.666626E-01  2.041492E-02
     14876  6.604945E-01 -1.162527E+00  7.407042E-01
     14877  1.053596E+00 -1.062901E+00  7.937786E-01
     14878  5.374458E-01 -7.809488E-01  1.194887E+00
     14880  3.977772E-02 -4.122409E+00  4.461245E-01
     14882  6.180477E-01 -2.527540E+00  4.349393E-01
     14883  1.132983E+00 -2.981151E+00  8.059897E-02
     14885  1.189615E+00 -1.027974E+00  3.673468E-01
     14886  9.415502E-01 -1.542924E+00  4.494248E-01
     14887  8.626629E-01 -7.886103E-01  2.163157E-01
     14889  3.273292E+00 -4.114731E+00  7.438888E-02
     14907  4.109016E+00 -5.271306E+00  1.310896E+00
     14908  5.504111E+00 -6.732134E+00  1.859776E+00
     14928 -3.044114E-03 -6.755667E-01  1.115586E+00
     14929 -7.577130E-01  2.354067E+00 -1.983413E+00
     14955  3.270572E-01 -3.498222E+00  5.682794E+00
     14959 -4.396959E-01 -9.190644E+00  5.780651E-01
     14968 -3.027217E-02 -1.517906E+01  1.851399E+00
     14981  1.384241E-01 -8.010662E+00  7.977210E-01
     14982 -1.326021E+00 -5.806606E+00  2.175334E+00
     14983  1.935831E+00 -1.072632E+01 -2.652125E+00
     14985 -1.405348E+00 -2.431105E+01  2.383061E+00
     14986  7.545985E-01 -2.974033E+00  2.266113E+00
     14987 -1.574995E-01 -1.595496E+00  7.774297E-01
     14989  0.000000E+00  0.000000E+00  0.000000E+00
     14990  0.000000E+00  0.000000E+00  0.000000E+00
     14991  1.684428E-01 -4.628894E+00  1.367986E+00
     14992  0.000000E+00  0.000000E+00  0.000000E+00
     14993 -2.031344E-01  2.212569E-01  5.859690E-01
     14994  2.581239E-01 -2.040043E+00 -1.755568E-01
     14995  5.359308E-03  1.099022E-03  5.511348E-02
     15668  0.000000E+00  0.000000E+00  0.000000E+00
