
                        S T E P       1


                                INCREMENT     1


 forces (fx,fy,fz) for set NPROX and time  0.1000000E+01

       139  1.648130E+01 -4.470238E+01  2.394706E+01
       140  5.848786E+00 -1.952732E+00  1.863826E+00
       141  2.680291E+00 -1.214890E+01  3.166575E+00
       161 -4.609314E-01 -4.373193E+00  2.410167E-01
       162 -7.301841E-02 -7.701846E+00  1.302068E+00
       203 -9.081314E-01  1.986142E+00 -1.624975E+00
       204 -3.558947E+00 -9.527863E+00 -3.432404E+00
       205 -1.482506E+00 -1.990978E+00  1.407353E-01
       280 -1.325808E+00 -2.346166E+00  2.998735E-01
       281  3.957569E-01  5.179320E-01 -1.450786E-01
       282 -1.449758E+00 -1.888759E+00  7.146664E-02
       339  1.523099E+00  1.800641E+00 -6.750227E-01
       340  4.383928E+00  1.301840E+01 -3.032053E+00
       341  3.073069E+00  6.712847E+00 -1.232850E+00
       343 -8.902073E-01 -3.360511E+00 -8.419035E-01
       368  1.902306E-01  6.385236E-01 -2.868384E-01
       369 -3.693226E-01 -7.746736E-01  6.105933E-02
       409  7.037160E-01  9.473120E-01 -4.625109E-01
       410  6.307192E-01  1.042628E+00 -8.601895E-01
       411  7.542945E-01  1.188259E+00 -9.200653E-01
       415 -3.332031E+00  7.977178E+00  5.032642E-03
       417 -1.848846E+00  4.928500E+00 -1.386102E+00
       436 -2.065069E-01 -1.694250E-01 -3.219277E-01
       437 -3.706563E-01  1.822019E+00 -4.794865E-01
       438 -1.628392E-01 -5.128329E-03 -9.253978E-01
       517  1.086286E+00 -3.075214E+00 -4.274353E-01
       518 -2.381881E+00 -1.239974E+01  2.992972E+00
       519  1.717318E-01 -5.332851E+00  1.498717E+00
       577  9.909287E-01  1.712185E+00  3.361097E-01
       578  7.319728E-01  4.697998E-01  1.165085E-01
       579  1.495948E+00  7.100539E-01  2.705579E-01
       609 -6.251846E-01 -3.839849E+00  4.456411E-01
       626 -8.982658E-01 -1.257170E+00 -1.833063E-01
       627 -9.339866E-01 -1.047363E+00 -3.104616E-01
       628 -3.735992E-01 -6.353360E-01 -6.838147E-01
       656 -3.103506E-01 -4.033748E+00 -2.197717E-01
       694 -3.239559E-01 -2.877316E+00  1.854410E+00
       695 -7.926705E-02 -2.511836E+00  5.073345E-01
       696 -2.884657E-02 -2.348011E+00  4.147251E-01
       813  1.379666E+00 -2.116475E+01  6.155625E+00
       814 -1.891111E+00 -1.070063E+01  2.876366E+00
       850  5.809984E-01  6.014098E+00  3.203553E-01
       911 -4.679719E-01  4.974511E-01 -7.104557E-01
       955 -1.881674E+00  4.634758E+00  3.504683E-02
       956 -2.082021E+00  4.442110E+00 -8.415176E-01
       987 -3.812347E+00 -4.071077E+00  1.379751E+00
      1029 -7.158845E-01  3.564604E+00  1.498331E+00
      1030 -1.782798E+00  7.736112E+00  1.309105E+00
      1031 -6.294196E-02  3.560584E+00  4.075361E-01
      1038  1.552409E+00  2.405218E+00 -1.839830E-01
      1039  1.286155E+00  1.639203E+00 -5.420702E-02
      1040  1.388908E+00  1.765107E+00 -8.913467E-01
      1075 -3.751705E-01 -1.031914E-01 -1.734544E-01
      1076  0.000000E+00  0.000000E+00  0.000000E+00
      1077  0.000000E+00  0.000000E+00  0.000000E+00
      1182 -2.350242E+00  5.104240E+00 -1.386928E+00
      1209  6.214963E-01  2.066973E+00  1.755757E-01
      1211 -3.267107E-01  1.640935E+00  2.425120E-01
      1337  4.728473E-01  1.623898E+00  7.958923E-02
      1369 -2.079221E-01 -3.795285E-01 -1.727736E-01
      1370  9.733225E-02  1.326963E-02  4.441906E-02
      1382 -6.273620E-01  2.996955E+00  8.417331E-01
      1383  2.673635E-01  2.251047E+00  1.190107E+00
      1384  3.332650E-01  4.195599E+00  1.054553E+00
      1408 -6.206924E-01 -2.650451E+00  9.073013E-01
      1409 -1.313228E-01 -2.063366E+00  7.059209E-01
      1432  9.434241E-01  2.633066E+00  3.364917E-01
      1433  6.020616E-01  2.026555E+00  2.203991E-01
      1458 -1.637510E+00  2.139458E+00 -1.697347E-01
      1572 -1.478529E+00 -5.861141E+00 -7.326508E-01
      1624  9.530031E+00 -7.425866E+00  1.761047E+00
      1625  1.170809E+00  1.100333E+00 -5.190680E+00
      1626 -4.656131E-01  3.525371E-01 -6.131680E-01
      1679  8.815522E-01  2.018146E+01  2.811751E+00
      1680  1.628360E+00  2.358714E+01  3.530370E+00
      1681 -2.361435E-02  4.257067E+00  1.703818E+00
      1688  8.252632E-01  2.132619E+00 -1.490265E+00
      1774 -1.068138E+00  2.544976E+00 -1.971992E-01
      1775 -1.138243E+00  1.276448E+00 -5.763558E-01
      1776 -7.821434E-01  1.672729E+00 -6.429578E-01
      1806  4.143091E-01  1.466611E+00 -1.374821E+00
      1808 -6.062861E-01 -1.061544E+00 -7.459695E-01
      1812  5.613474E-01 -1.844075E+00  8.417550E-01
      1813  2.641215E-01 -2.298026E+00  1.372839E+00
      1814  2.706339E-01 -1.794487E+00  5.915336E-01
      1848 -6.516588E-01 -1.089755E+00 -8.616284E-01
      1857 -2.861412E-03  5.846659E-04  8.539916E-03
      1858  7.945323E-02 -5.977249E-02 -1.195079E-01
      1859 -6.583091E+00 -7.955120E+00  1.463855E+00
      1860 -2.086653E+00 -4.927766E+00  1.514801E+00
      1861 -1.773277E+00 -9.743818E-01  4.177824E-01
      1913 -1.042447E+00  1.419006E+00  1.785587E-01
      1914 -8.488866E-01  5.516608E-01  4.857017E-01
      1915 -3.890294E-01  1.522739E+00  4.019489E-01
      1976 -5.313105E-01  2.366284E+01  5.662090E+00
      1981  7.177117E+00  1.390888E+01  5.007399E+00
      1996 -3.679578E+00  7.889296E+00 -1.865302E+00
      1997 -1.226048E+00  1.859667E+00 -8.999170E-01
      1998 -3.373877E-01  8.439686E-01 -3.948308E-01
      2019  1.040240E+00  1.407391E+00 -6.436295E-01
      2034 -7.831308E-01  2.382407E+00 -2.252497E+00
      2035 -4.813279E-01  1.261797E+00 -5.929486E-01
      2087 -2.305049E-01 -2.129064E+00  6.568603E-01
      2088 -1.390614E-01 -1.236600E+00  3.925441E-01
      2089 -8.549358E-02 -3.653168E-01  5.215474E-01
      2093 -3.589021E-01  1.131024E+00 -1.143621E+00
      2140  7.732285E-01  5.356629E-01 -4.185801E-01
      2142 -1.848643E+00  3.469519E+00 -2.379329E+00
      2176  6.153008E-01  1.383755E+00 -1.573790E-01
      2191  1.137429E+00  1.516843E+00 -8.863629E-02
      2212 -2.383046E-01 -2.931375E+00  1.654515E+00
      2253 -1.347765E+00 -1.578349E+00  1.463457E+00
      2269  2.396024E-02 -3.310910E-01 -9.104936E-01
      2270  6.059553E-01 -1.646949E+00 -1.132318E+00
      2271  8.637050E-01 -1.858983E+00 -2.483206E+00
      2308 -1.798337E-01 -1.814164E+00 -4.911467E-02
      2327  1.796138E-01 -1.950539E+00  5.957630E-01
      2328 -9.400214E-01 -5.659887E-01  1.771592E-01
      2450 -1.551774E-01 -1.271329E+00  4.857782E-01
      2451 -1.669365E-01 -2.350706E+00 -9.261987E-02
      2508  8.878208E-02 -3.228759E+00 -3.501590E-01
      2562 -1.489296E+00 -3.899059E+00 -1.089004E-01
      2575 -1.982620E-01  1.017837E+00  6.389504E-01
      2576 -3.576112E-01  2.747321E+00  1.250731E-01
      2577 -3.155022E-01  3.912044E+00  8.725193E-01
      2591  3.657594E-02  3.710414E+00  5.553803E-01
      2592 -3.408075E-01  4.937214E+00  7.340129E-01
      2593 -5.961842E-01  3.812504E+00  2.120059E+00
      2679  1.024771E+00  1.474359E+00 -8.049383E-01
      2680  1.619342E+00  3.642031E+00 -7.436532E-01
      2768 -2.225572E+00 -5.039526E+00 -2.548703E+00
      2795 -6.892897E-01  6.754743E-01 -7.530065E-01
      2796 -6.488237E-01  1.751714E+00 -2.542533E-01
      2797 -5.462668E-01  4.419583E-01 -1.055482E+00
      2862  2.693076E+00 -7.523093E+00  3.563416E+00
      2940 -5.214002E-01 -3.883197E+00 -1.163255E-01
      2951 -1.592337E+00  2.194183E+00 -4.701196E-01
      3010  1.039805E-02  3.396585E-01 -1.366504E-01
      3011  3.406683E-01 -4.529650E-01 -8.604428E-02
      3012  0.000000E+00  0.000000E+00  0.000000E+00
      3024  4.036337E-02 -2.947868E-01 -1.519827E-01
      3025 -3.584331E-02 -2.549324E-02 -7.315558E-02
      3026  2.650135E-01 -6.888228E-01 -6.838317E-01
      3027 -7.810507E-01 -1.965873E+00  1.257002E+00
      3028 -1.039722E+00 -2.824427E+00  5.329182E-01
      3029  1.814891E-01 -6.245248E-01  5.928429E-01
      3050  4.510985E-01 -1.822588E+00  9.875153E-01
      3112  7.994698E-01  6.031116E-01  3.650777E-01
      3113  6.433030E-01  7.540123E-01  3.428779E-01
      3114  5.321000E-01  3.975467E+00 -1.823662E+00
      3115  8.367969E-01  3.664962E+00 -1.269046E+00
      3145 -7.037695E-02  3.923003E-01 -9.124307E-01
      3146 -1.996849E-01  6.247726E-01 -2.161238E+00
      3167  1.713894E-01 -5.405011E+00  2.943364E-01
      3170  3.696224E+00 -2.108377E+01  8.468400E+00
      3171 -3.819566E-01 -8.459531E+00  5.094564E+00
      3172  5.939543E-02 -8.439104E+00  5.492094E+00
      3173 -5.512202E-02  1.444631E-01 -9.897409E-01
      3174 -4.286684E+00  1.312600E+00 -8.685075E-01
      3175  1.925946E+00 -4.236295E+00 -3.207513E+00
      3189  7.542273E-01  1.109303E+00  9.528247E-02
      3199 -9.417455E-02 -2.785481E+00  2.131493E-01
      3292 -5.621264E-01  7.082020E-01 -5.507433E-02
      3293 -1.541369E+00  1.861048E+00 -5.403015E-01
      3312 -7.949278E-01 -3.578359E+00  7.367890E-01
      3371 -1.461371E-01  3.039675E+00  4.027013E-01
      3372 -2.331969E-01  1.855400E+00  8.488841E-01
      3373 -4.520907E-01  2.881462E+00  1.085883E+00
      3445  2.341512E+00  6.551701E+00 -2.130643E+00
      3446  1.197530E+00  1.454981E+00 -2.248363E-01
      3541 -1.191899E+00  4.888174E+00  1.242382E+00
      3542 -2.422134E+00  1.365364E+01  3.088671E+00
      3543 -5.419985E-01  3.191272E+00  4.249797E-01
      3586 -9.956001E-01 -1.077222E+00  9.550188E-02
      3614  7.796187E-01 -1.068384E+00 -2.867842E+00
      3652  2.907507E-01 -1.591380E-01 -1.899438E-01
      3698  3.611912E+00  1.303230E+01  3.824752E+00
      3767  0.000000E+00  0.000000E+00  0.000000E+00
      3768  0.000000E+00  0.000000E+00  0.000000E+00
      3776 -4.418628E+00 -6.184222E+00  1.429333E+00
      3810 -4.897472E+00  2.292091E+01  2.649163E+00
      3814  9.255434E-01 -1.623416E+00  1.178166E+00
      3815  2.134981E+00 -5.235661E+00  2.947087E+00
      3906  3.636795E-01  1.181306E+00 -6.847668E-02
      4011  2.022449E+00  4.253434E+00 -2.103808E+00
      4012  1.108757E+00  3.084999E+00 -1.658546E+00
      4014 -5.605301E+00 -1.448257E+01  6.392161E+00
      4015 -5.339851E+00 -2.383647E+01  7.444636E+00
      4016 -9.270331E-01 -3.083027E+00  1.653715E+00
      4048  4.378761E+00  8.910389E+00  7.357186E-02
      4124  2.096182E-01 -2.780058E-01 -5.466101E-01
      4125 -2.975923E-02  1.882508E-01 -7.201875E-01
      4126  3.822941E-01 -1.561284E-01 -5.390511E-01
      4189 -1.196342E+00 -2.617761E+00 -1.377226E-01
      4190 -7.556656E-01 -1.543288E+00 -1.322203E-01
      4191 -1.138390E+00 -2.959786E+00 -7.510959E-01
      4210 -1.864065E+00  1.811395E+00  1.310845E-01
      4211 -1.372307E+00  1.167425E+00  3.149387E-01
      4212 -1.599278E+00  2.366082E+00 -2.762933E-02
      4257 -6.018242E-01  4.152929E+00  9.509894E-01
      4258  1.398122E+00  2.163273E+00  1.089814E+00
      4259 -4.204495E-01  2.581640E+00  1.038315E+00
      4278  6.139725E-01 -1.170387E+00 -1.737126E+00
      4279  2.932230E-01 -2.409487E-01 -7.480481E-01
      4312  5.126442E-01  1.868325E-01 -3.741825E-01
      4313  8.011482E-01  3.573059E+00 -2.451350E+00
      4398  2.309259E-01  2.612048E+00  9.674245E-01
      4404 -1.242424E+00  5.473083E+00  2.139783E+00
      4450 -1.638734E-01  8.235114E-01  5.636232E-01
      4451 -5.058842E-01  3.230582E+00  6.682516E-01
      4457  5.272014E+00  5.950922E+00  3.323163E-01
      4458  5.078578E+00  7.942702E+00  1.572712E+00
      4459 -4.264116E-01 -2.304183E+00  1.099192E+00
      4460 -1.180812E+00 -4.838747E+00  2.130898E+00
      4461 -7.285649E-01 -6.783117E+00  1.799394E+00
      4494  3.122039E-01 -5.746914E-01 -2.622427E+00
      4546  4.172790E-01  1.555022E+00 -9.567575E-01
      4547  3.193588E-01  3.405686E-01 -6.664263E-01
      4548  2.190656E-01  1.740197E-01 -8.582912E-01
      4568 -2.705490E-01  1.793262E+00  6.062016E-01
      4582 -6.253356E-01  5.920816E-01 -3.324019E-01
      4620  9.431864E-01 -2.447981E+00 -4.348361E-01
      4641  2.921830E-01 -2.562809E+00 -2.871095E-02
      4654 -2.691858E-01  1.864570E+00  4.236102E-01
      4664  3.297474E-01 -2.630764E+00  1.732270E-01
      4669  2.842636E-01  4.732974E+00 -5.011776E-02
      4673 -2.581827E-01  7.612519E+00 -9.057802E-02
      4693 -2.344128E-01  1.930878E+00  7.578883E-01
      4694 -8.503616E-01  1.864262E+00  6.845120E-01
      4695  6.712644E-02  2.367436E+00  5.163618E-01
      4705  3.353050E-01 -4.178790E+00  1.602437E+00
      4728 -2.397744E+00  8.781098E+00 -1.259343E+00
      4731 -4.218623E-01 -9.791674E-01 -1.568651E+00
      4733 -9.140974E-01 -1.957948E+00 -1.181948E+00
      4764  1.261365E+00 -1.159669E+00  3.727092E-01
      4765  1.359147E+00 -9.342555E-01 -9.071042E-02
      4766  1.483371E+00 -1.280732E+00  5.150868E-01
      4779 -1.978416E+00 -2.021418E+01  4.476449E+00
      4830  1.498002E-01  7.219185E-01  2.636187E-01
      4831  5.995305E-01  5.691370E+00  6.488320E-01
      4833  3.352500E+00 -4.640982E+00  4.040119E-01
      4834  5.131519E+00 -5.573030E+00  1.699856E+00
      4849  1.609892E+00  1.034942E+01  2.315897E+00
      4850  4.493172E+00  1.680828E+01  3.076966E+00
      4861  5.676379E-01  2.285931E+00  4.741153E-01
      4862  2.397931E-01 -9.423793E-01 -5.849798E-01
      4881 -3.583121E+00 -8.915123E+00  2.455710E+00
      4883  2.464724E-01 -1.208761E+01  2.248319E+00
      4936  6.756623E-01 -7.442002E+00  4.583570E+00
      4945  3.795747E-01 -1.272022E+00  6.618763E-01
      4991 -1.980161E-01 -2.349182E+00  1.096566E+00
      4992 -2.145828E-01 -3.153736E+00  7.296634E-01
      5013  1.990298E-01  3.558145E+00  9.776797E-01
      5026  3.987504E-01  7.891183E+00  1.579240E+00
      5029 -1.780790E-01  3.127595E+00  8.740696E-02
      5031  1.345602E-01 -1.796116E+00  4.427041E-01
      5060  2.694772E-02  2.220297E+00  7.764073E-01
      5091 -7.814889E-01  3.385036E+00  9.097352E-01
      5093  1.754597E-01  1.426293E+00  4.971626E-01
      5105 -1.485242E+00  1.912377E+00 -3.465236E-01
      5138 -1.592651E-01  8.417300E+00  8.305616E-01
      5139 -1.302101E-01  2.504754E+00  3.233054E-01
      5170  2.414470E+00  2.350639E+01  6.101441E+00
      5177  7.303700E-02 -1.108339E+00 -9.327293E-01
      5178  4.349456E+00 -5.403185E+00 -5.422175E-01
      5179  3.544824E+00 -3.033894E+00 -2.232130E-01
      5211  9.205497E-01 -5.696851E+00 -1.040717E+00
      5218 -3.427356E-01 -2.226102E+00  3.618627E-01
      5219  6.239425E-02 -2.524371E+00  1.670623E+00
      5220  1.056834E+00 -4.065427E+00  3.081321E-01
      5322 -5.832444E-01  3.010300E+00  4.845648E-01
      5323 -5.383392E-01  5.152509E+00 -7.799167E-03
      5367  5.537797E-01 -9.652453E-01 -6.533149E-01
      5368  1.042609E-01 -4.267677E-01 -1.982577E-01
      5370 -8.793596E-01 -1.235588E+00  4.796299E-01
      5408  3.986855E+00  7.365462E+00 -1.229218E+00
      5462 -1.325875E+00 -3.256142E+00 -1.957270E+00
      5535 -8.565523E-02  5.216561E-02 -7.691260E-01
      5558  1.029582E+00 -1.215125E+00  1.446723E-01
      5617 -4.146196E+00 -8.623727E+00 -2.179174E+00
      5633  6.614632E-01 -1.823083E+00 -4.667370E-01
      5659 -1.353712E+00  4.060619E+00 -1.250353E+00
      5660 -6.303286E-01  7.028993E-01 -5.891593E-01
      5661 -1.752921E+00  3.075629E+00 -7.000772E-01
      5670  3.663692E+00  5.953195E+00 -4.133305E-01
      5711 -1.391378E+00  1.211578E+00 -2.603019E-01
      5712 -6.213443E-01  8.215657E-01 -2.759149E-01
      5754 -1.177970E-01  1.618620E+01  4.659422E+00
      5755  2.648574E-01  1.939543E+00  8.675591E-01
      5756 -2.397315E+00  1.170295E+01  1.951703E+00
      5766 -2.946753E-01  3.656175E+00 -3.574942E+00
      5767 -4.134945E-01  4.051498E-01 -7.967144E-01
      5768 -4.688509E-01  2.743950E+00 -2.781399E+00
      5827  9.513759E-01 -1.209889E+00  6.855667E-01
      5844  5.113945E-01  2.332159E+00 -5.705665E+00
      5848 -4.326584E-01  2.165103E-01 -1.553662E+00
      5867 -8.154458E-02  6.463638E-01 -5.806545E-01
      5868 -1.980681E-01 -2.445900E-01 -6.325032E-01
      5870 -9.869785E-01  3.440951E+00 -5.622935E-01
      5871 -3.262260E+00  9.514441E+00 -4.819983E+00
      5872 -9.061585E-01  1.626900E+00  4.067761E-01
      5877  3.925311E-01 -1.906317E-01 -1.532990E+00
      5878 -5.326923E-02  2.043888E-01  3.099385E-01
      5879  1.064276E+00 -8.963983E+00  3.329529E+00
      5897 -1.449126E+00  4.677710E+00 -2.203853E-01
      5898  5.006120E-01 -8.475913E-01  4.007359E-01
      5899  6.712988E-01 -1.072442E+00  2.996334E-01
      5941  2.220257E+00  1.064044E+01  2.948495E+00
      5962 -2.609566E+00  2.330168E+00  3.039765E-02
      5963 -6.706552E+00  9.366721E+00  3.614493E-01
      5964 -4.153017E+00  6.028608E+00  9.245203E-02
      5980 -1.407421E+00 -6.590054E-01  3.177816E-01
      5981 -1.539109E+00 -2.429923E+00 -2.796864E-01
      6033 -2.930822E-01 -4.182017E-01 -6.542593E-01
      6034 -3.476608E-01 -2.827410E-01 -8.790166E-01
      6035 -2.677738E-01 -2.694544E-01 -8.932916E-01
      6078  5.744692E-01 -6.378153E-01 -3.983239E-01
      6086 -5.660363E+00  1.516673E+01  5.040816E+00
      6088 -3.829126E+00  1.330462E+01  3.747440E+00
      6093  4.342287E-01  2.671223E+00  8.921037E-01
      6094 -8.164554E-02  7.662604E-01  1.861515E-01
      6095 -2.660610E-01  6.023423E+00 -7.653279E-02
      6145  2.025699E-01  3.938363E+00  6.351878E-01
      6146  2.896243E+00  9.288295E+00  8.879612E-01
      6199  2.901950E-01  2.438206E+00  1.099128E+00
      6231 -1.943050E+00 -2.837418E+00 -2.049992E+00
      6232 -6.981836E-01 -2.599724E+00 -1.319322E+00
      6262 -6.365090E-01 -1.962101E+00  2.708752E-01
      6263 -6.160956E-01 -2.399260E+00 -5.119263E-01
      6292  5.931217E+00 -1.402297E+01  6.404137E+00
      6297  7.979754E-02 -6.318487E+00  3.729881E-01
      6322 -1.904318E+00 -2.700590E+01  4.219395E+00
      6323  2.504382E-02 -5.051325E+00  1.120932E+00
      6324  7.564858E-01 -5.609229E+00  1.787849E-01
      6339  1.268688E-01  6.298616E-01 -1.021076E+00
      6345  3.344746E-01  3.970093E+00  7.459657E-01
      6438  9.965559E-01  1.807326E+00  1.245821E+00
      6450 -6.122670E-02 -1.149192E-01 -5.528797E-01
      6496 -4.624139E-01 -5.326438E-01  9.296737E-04
      6503 -9.305629E-01 -8.331660E-01  1.894305E-01
      6504 -8.068322E-01 -5.659753E-01  2.142247E-01
      6551  6.430023E-01  4.352094E+00  2.147464E-01
      6552  4.053222E-01  8.047630E+00  1.284356E+00
      6557  3.427905E-01 -1.649600E-01  1.097206E-01
      6558  5.282979E-01 -8.522124E-01 -2.570952E-01
      6605  4.104692E+00 -5.137983E+00  6.281607E-01
      6645 -6.791332E-01 -1.532408E+00 -1.588126E-01
      6675  1.573163E+00  1.838461E+00 -1.841364E-01
      6733 -5.152788E-01 -4.279153E+00  8.506507E-01
      6734 -2.516310E-02 -8.261985E+00  3.733701E-01
      6739 -6.296404E-02  3.186733E+00  8.717730E-01
      6806  5.129259E-01  7.373336E-01 -7.569795E-01
      6849 -1.453553E+00 -3.826057E+00 -6.597287E-01
      6850 -9.612502E-01 -2.219740E+00  1.049537E-01
      6874 -5.937395E-02  2.278291E+00  1.073046E+00
      6928  1.109296E-01 -1.072870E+01  3.818618E+00
      6946  1.892483E+00  5.069243E+00 -3.703194E-01
      6957  1.651936E+00  3.484313E+00 -8.693433E-01
      6978  1.580187E-01 -1.598709E+00  9.685438E-01
      6979  4.953642E-01 -1.078579E+00  9.558368E-01
      7022 -1.003777E+00 -2.177820E+00 -8.461081E-01
      7066 -3.040670E-01 -6.693614E-01  7.712476E-02
      7069  2.281929E-01 -4.902195E-02 -1.365782E+00
      7090 -3.094232E-01 -7.969289E+00  1.671299E-01
      7093  1.820921E+00  1.810810E+01  3.332525E+00
      7153  1.444160E-01 -3.273067E-01 -8.311947E-01
      7154 -2.094627E-01 -7.851657E-02 -1.270976E+00
      7155 -2.078729E-01  6.441858E+00  7.111645E-02
      7164  1.023938E-01  1.143756E+00  7.903228E-01
      7165  5.089185E-01  6.642769E-01  7.058983E-01
      7166  2.296393E-01  7.286610E-01  4.253723E-01
      7176  3.881836E+00 -5.216619E+00 -6.204382E-01
      7217  8.245703E-01 -5.070089E-01  7.599555E-01
      7259 -2.765567E+00  7.230001E+00  2.625988E+00
      7262  8.536076E-01 -3.139539E+00 -5.531159E-01
      7263  6.568905E-01 -8.062807E-01 -7.010547E-03
      7264  7.411554E-01 -6.972899E-01  2.861015E-01
      7279  6.207452E-01 -6.903552E+00  2.370214E+00
      7339 -5.329701E+00  9.460945E+00  6.314531E-01
      7363  3.798705E-01  2.672157E+00  1.753994E+00
      7414 -8.249345E-01  1.881560E+00  1.257849E+00
      7415 -5.442747E-02 -9.960321E-01  3.444911E-01
      7435  7.422843E-01 -3.176890E+00  2.428924E-01
      7436  4.962909E-01 -3.888720E+00 -4.425813E-01
      7469  5.908078E-01  6.427604E-01 -2.259161E+00
      7473 -1.048545E+00 -4.651087E+00  1.293037E+00
      7477  2.534969E+00  7.439804E+00  3.338674E+00
      7538 -2.096680E-01 -1.227498E+00  7.221734E-01
      7566 -3.402684E-03  3.615020E+00  7.860367E-01
      7589 -5.358353E-01 -5.868096E+00  1.095933E+00
      7601 -3.989232E+00  1.128074E+01 -1.039858E+00
      7609 -5.298786E-01 -5.254847E-01 -6.330348E-01
      7610 -5.480221E-01 -3.928077E-01 -9.851110E-01
      7666 -2.071015E-01  4.167886E-02 -4.834079E-01
      7777  1.190030E+00 -1.905168E+00 -4.247881E-01
      7880 -2.297686E-01  1.194434E+00  4.400419E-01
      7881  0.000000E+00  0.000000E+00  0.000000E+00
      7882  2.223856E-02  7.389557E-01  1.568742E-01
      7913 -5.364422E-01  8.654595E+00  6.511396E-02
      7984 -1.818693E+00  1.597606E+00 -9.772897E-01
      8007 -4.128962E-01 -3.767670E+00  7.307209E-01
      8033 -7.056530E-01  5.353888E+00 -5.352695E-02
      8035 -1.000303E+00 -2.675962E+00 -6.306949E-01
      8137 -2.784468E+00  2.140529E+01  1.411999E+00
      8149  1.169365E-01  1.010491E+01  1.369448E+00
      8150  5.359050E-01  6.185065E+00 -4.573577E-01
      8152 -9.242570E-02  6.378832E-01 -2.425105E+00
      8153 -1.301277E+00 -3.821775E+00 -4.944174E+00
      8185  4.594185E-02 -4.516474E-02 -1.041885E+00
      8197  3.358150E-01  6.152524E+00  2.386281E+00
      8211  1.627895E+00  3.041870E+00 -6.861307E-01
      8241  3.236326E-01 -4.443983E+00  5.017074E-01
      8375 -1.656185E-01  1.415677E+01  4.009085E+00
      8392  1.015992E+00  1.132449E+00 -5.175791E-01
      8398 -2.575321E-01  2.153540E+00  8.888433E-01
      8401 -1.514545E+00  1.567283E+00  1.105425E-01
      8422 -8.257238E-01 -2.954545E+00 -1.041516E-01
      8490  5.534240E-01  3.314497E+00  1.617631E+00
      8507  5.071663E-01  9.026475E-01  9.219983E-01
      8508  5.137167E-02  1.294353E+00  1.127489E+00
      8540  5.527593E-01  2.645295E+00  9.856592E-01
      8645  7.588899E-01 -5.566778E-01 -3.315374E-01
      8664 -5.070464E+00 -1.397532E+01  3.653010E+00
      8689 -6.443387E-01  2.404689E+00  2.365885E-01
      8690 -4.038311E-01  3.101238E+00  8.214896E-01
      8736 -3.335472E-01 -6.886680E-01 -4.302988E-01
      8737 -6.126190E-02 -4.221216E-01 -4.347260E-01
      8768  0.000000E+00  0.000000E+00  0.000000E+00
      8793  0.000000E+00  0.000000E+00  0.000000E+00
      8848  1.271139E+00  1.614421E+00 -5.744840E-01
      8877 -1.001359E+00 -1.358735E+00 -1.479209E-01
      8878 -9.699945E-01 -7.609593E-01 -3.175407E-01
      8914  4.383787E-01 -1.477455E+00  4.215668E-01
      8919  5.717646E-01 -7.752141E+00 -1.460777E+00
      8940  5.394004E-01  1.119574E+00  1.321097E+00
      8943  1.254392E+00 -3.137968E+00 -5.257862E-01
      8957 -5.098323E-01 -6.409432E+00  1.427321E+00
      8959 -5.465428E-01 -6.285652E+00  3.184207E+00
      8960  2.367135E-01 -1.049898E+00  1.377715E+00
      8961 -2.962964E-02 -5.551677E+00  2.254287E+00
      8968  3.645346E-01  1.997175E+00  2.562201E-01
      8981 -5.916816E-01  1.825083E+00 -1.729536E+00
      9030 -1.087799E+00 -1.277424E+00 -2.590791E-01
      9031 -1.081409E+00 -1.213797E+00 -1.206448E-01
      9069  1.006778E+00  2.840616E+00  8.932917E-01
      9070 -3.369587E-02 -1.139424E-01 -1.406373E-01
      9088  5.839935E-01  1.266403E+00 -2.986406E-02
      9127  1.532609E+00  2.069177E+00 -4.649127E-01
      9128  1.811287E+00  5.024213E+00 -1.081978E-01
      9229  3.336566E-01 -2.112684E+00 -6.876795E-02
      9230  2.930771E-01  2.476567E+00 -5.501825E-02
      9242 -3.944196E+00 -7.744382E+00  3.491001E+00
      9328 -1.007584E+00 -4.120267E-01 -2.921805E-01
      9359 -8.306815E-01  3.478738E+00  7.126071E-01
      9367  8.613619E-02 -1.642842E+00  5.999682E-01
      9491 -4.393010E-01 -1.536856E+00 -1.319190E-01
      9530 -7.794639E-01 -2.157419E+00  1.251571E+00
      9577 -1.144699E+00 -1.727281E+00  1.399972E+00
      9597 -2.255552E+00  1.020729E+00 -1.506161E-01
      9637 -6.578523E-02 -6.644390E-01 -9.480356E-01
      9638 -1.600714E-01  1.782411E+00 -4.406407E+00
      9641  2.246247E+00 -9.357340E+00  1.667638E+00
      9669  6.660819E-01  2.793795E+00  8.645099E-01
      9670  3.771829E-01  4.322913E+00  1.071241E+00
      9713 -7.883337E-01  6.141110E-01  8.252060E-01
      9782 -2.443666E+00 -4.574373E+00 -9.654769E-01
      9804  0.000000E+00  0.000000E+00  0.000000E+00
      9823 -4.732213E+00  1.825451E-01 -1.865189E+00
      9842  2.149006E-02  1.909608E-01  2.135183E-01
      9843  1.651462E+00 -3.691819E+00 -3.080361E+00
      9846 -7.627229E-01  2.017776E+00  1.455773E+00
      9883  3.349418E+00 -3.284265E+00 -9.757196E-02
      9888  2.604553E-01 -3.296151E+00  1.301540E-01
      9897  6.054887E-01  8.954839E+00  1.675446E+00
      9900 -3.081808E-01 -1.781764E+00  7.616733E-01
      9901 -8.847003E-02  1.693169E-01  6.991528E-01
      9902 -5.352161E-01 -2.226199E+00  7.481714E-01
      9956  0.000000E+00  0.000000E+00  0.000000E+00
      9977 -3.169893E+00 -4.802569E+00 -4.863724E-01
     10016  9.586566E-02 -9.974700E-01  3.431730E-02
     10034  1.119732E+00  1.572870E+00 -1.346758E+00
     10081 -9.090208E-02 -2.239940E+00  9.148454E-01
     10102 -4.428237E-01 -6.443303E-01 -7.158575E-01
     10113 -2.508840E-01 -1.708494E-01 -1.676903E-01
     10157  3.702006E+00  2.554729E+00  2.477086E+00
     10161  2.844469E-01 -2.111165E+00 -1.949226E-01
     10165  9.035768E+00 -6.921689E+01  9.882921E+00
     10189 -3.684826E-01 -2.845982E-01 -4.739356E-02
     10217 -3.149186E-01 -9.016982E-01 -1.824431E+00
     10221  3.086620E-01 -4.584933E+00 -5.100767E-01
     10222  5.211338E-04 -2.055648E+00  5.571264E-01
     10227 -1.222737E-01 -3.292094E-01  4.914455E-02
     10229  9.042444E-02 -5.595127E-01 -2.817807E-01
     10274  1.114519E+00 -8.798458E-01 -2.260656E-01
     10275  1.255104E+00 -1.472467E+00 -8.456486E-02
     10344  0.000000E+00  0.000000E+00  0.000000E+00
     10345  4.668033E-01 -3.359092E-01 -1.553339E-01
     10424 -6.926285E-02 -2.500944E-01 -7.979438E-01
     10446 -5.857404E-02  6.321511E-01 -4.868407E-01
     10447  1.276121E+00 -2.138867E+00  6.189579E-01
     10448 -1.380836E+00  4.089623E-01 -1.885233E+00
     10449 -6.713921E-01  3.706954E+00  1.674458E+00
     10503 -1.256455E+00 -3.806420E+00 -9.482592E-01
     10519  0.000000E+00  0.000000E+00  0.000000E+00
     10673 -2.793300E-02 -2.622543E-02 -1.803779E-02
     10674  0.000000E+00  0.000000E+00  0.000000E+00
     10677  0.000000E+00  0.000000E+00  0.000000E+00
     10678  0.000000E+00  0.000000E+00  0.000000E+00
     10679  0.000000E+00  0.000000E+00  0.000000E+00
     10682  0.000000E+00  0.000000E+00  0.000000E+00
     10683 -1.608112E+00  2.012658E+00 -3.517770E-01
     10684  1.565544E-01  2.289984E-01 -1.683813E-02
     10685  0.000000E+00  0.000000E+00  0.000000E+00
     10686 -5.512293E-02  8.316131E-02 -3.491021E-02
     10708  0.000000E+00  0.000000E+00  0.000000E+00
     10711  0.000000E+00  0.000000E+00  0.000000E+00
     10725  0.000000E+00  0.000000E+00  0.000000E+00
     10726  0.000000E+00  0.000000E+00  0.000000E+00
     10750  3.232337E-01  9.103270E-02  8.079615E-02
     10751 -3.945503E-01 -1.231986E-01 -2.657129E-01
     10770  6.201281E-01 -1.395966E+00 -2.548000E-01
     10778  3.280994E-01  4.502025E-01 -1.241091E-01
     10822  6.217552E-02 -9.458939E-02 -2.670858E-02
     10823  1.394274E+00 -8.168002E-01  1.788495E-01
     10836  2.270259E-01 -6.456866E+00  5.969662E+00
     10837  0.000000E+00  0.000000E+00  0.000000E+00
     10856 -1.101661E+00 -1.932490E+00  2.906456E+00
     10868  0.000000E+00  0.000000E+00  0.000000E+00
     10869  0.000000E+00  0.000000E+00  0.000000E+00
     10870 -3.354145E-02  5.604786E-03  2.292680E-02
     10931  7.350793E-01 -4.524743E-01 -1.840439E-01
     10945  1.367676E-01 -1.181977E-01 -1.043847E-02
     10997 -3.483404E-01  3.661308E-01 -1.786911E-02
     11014  0.000000E+00  0.000000E+00  0.000000E+00
     11033  1.396319E-02 -2.886842E-02 -1.122504E-01
     11034  0.000000E+00  0.000000E+00  0.000000E+00
     11035 -1.954857E-02 -2.124487E-02  8.648350E-02
     11096  8.439932E-04  5.604853E-03 -1.314393E-02
     11099  7.497706E-02 -6.927742E-03  1.992783E-02
     11100  0.000000E+00  0.000000E+00  0.000000E+00
     11120  2.049841E-02  2.065906E+00  9.169304E-01
     11145  1.268821E-01  9.642833E-03 -8.091523E-02
     11157 -3.962499E-01  2.000783E-01  2.277099E-02
     11176 -2.551724E-01 -3.678970E-01 -2.097483E-01
     11177  4.310677E-01 -4.279594E-01 -6.935112E-02
     11211  4.526828E+00 -4.984004E+00  1.314868E+00
     11316 -8.180666E-01  7.985352E-01 -2.381477E-01
     11337  0.000000E+00  0.000000E+00  0.000000E+00
     11339  1.010151E-01 -3.116942E-01 -2.307825E-01
     11342 -2.600856E-01  7.434576E-02  2.734358E-02
     11387  0.000000E+00  0.000000E+00  0.000000E+00
     11388  0.000000E+00  0.000000E+00  0.000000E+00
     11458 -2.018068E-01  4.428824E-03  5.469964E-02
     11459 -2.253701E-01 -1.957590E+00  7.829899E-01
     11460 -8.118259E-03 -6.263634E-01  1.058268E+00
     11479  2.879784E-01 -8.875337E-02 -3.031038E-01
     11507  0.000000E+00  0.000000E+00  0.000000E+00
     11765  0.000000E+00  0.000000E+00  0.000000E+00
     11766  0.000000E+00  0.000000E+00  0.000000E+00
     11767  6.625915E-02  4.875410E-02 -2.905211E-03
     12189 -1.050666E+00 -3.841172E-01 -4.787507E-01
     12190  0.000000E+00  0.000000E+00  0.000000E+00
     12191  0.000000E+00  0.000000E+00  0.000000E+00
     12252  0.000000E+00  0.000000E+00  0.000000E+00
     12253  0.000000E+00  0.000000E+00  0.000000E+00
     12273  0.000000E+00  0.000000E+00  0.000000E+00
     12274  0.000000E+00  0.000000E+00  0.000000E+00
     12275  0.000000E+00  0.000000E+00  0.000000E+00
     12276  0.000000E+00  0.000000E+00  0.000000E+00
     12278  0.000000E+00  0.000000E+00  0.000000E+00
     12279  1.969448E-01 -2.736624E-01  2.252709E-01
     12359  0.000000E+00  0.000000E+00  0.000000E+00
     12360  0.000000E+00  0.000000E+00  0.000000E+00
     12437  1.559429E-02 -2.827558E+00 -9.898386E-01
     12438 -7.636715E-01  5.574023E-01 -2.131008E-01
     12468  9.210254E+00 -8.066571E+00  6.511635E+00
     12469 -3.486636E+00  1.925118E+00 -4.241168E+00
     12510  3.786559E-01 -3.309990E-01 -2.603851E-01
     12519  0.000000E+00  0.000000E+00  0.000000E+00
     12520  0.000000E+00  0.000000E+00  0.000000E+00
     12524  6.853503E-02 -7.433986E-02 -6.400651E-02
     12525  0.000000E+00  0.000000E+00  0.000000E+00
     12526 -7.002186E-03  5.489377E-02 -1.579989E-01
     12527  0.000000E+00  0.000000E+00  0.000000E+00
     12528  0.000000E+00  0.000000E+00  0.000000E+00
     12546 -2.130736E-01  6.360206E-02  2.708801E-02
     13086  1.397322E+00 -1.066812E+00  1.578718E-01
     13161 -4.551920E-01 -2.770640E-01 -1.320715E-01
     13173  0.000000E+00  0.000000E+00  0.000000E+00
     13174  0.000000E+00  0.000000E+00  0.000000E+00
     13337 -6.529560E-02 -1.402040E-02  3.067679E-02
     13343  0.000000E+00  0.000000E+00  0.000000E+00
     13376  0.000000E+00  0.000000E+00  0.000000E+00
     13377  0.000000E+00  0.000000E+00  0.000000E+00
     13414  2.050406E-01 -1.350180E-01 -1.212195E-01
     13481  0.000000E+00  0.000000E+00  0.000000E+00
     13482  0.000000E+00  0.000000E+00  0.000000E+00
     14012  0.000000E+00  0.000000E+00  0.000000E+00
     14013  0.000000E+00  0.000000E+00  0.000000E+00
     14014  1.431526E-01  2.084992E-01 -1.226035E-01
     14089  6.981637E-01 -1.359260E+00 -5.589983E-02
     14103 -1.051703E+00 -2.508244E-01 -6.257215E-02
     14104  0.000000E+00  0.000000E+00  0.000000E+00
     14122 -7.866935E-01 -1.333465E+00  4.559247E-01
     14154  0.000000E+00  0.000000E+00  0.000000E+00
     14156  4.639753E-01  1.999310E-01  2.439575E-01
     14213  0.000000E+00  0.000000E+00  0.000000E+00
     14215 -4.351790E+00  3.016211E+00  2.741869E+00
     14230  3.223172E-02 -3.347485E-01 -6.764368E-01
     14260 -5.276223E-02 -1.024451E+01  4.376229E+00
     14321  6.064385E-01 -8.260298E-01 -1.452207E+00
     14328 -5.812777E-01 -1.100756E+00  3.581790E-01
     14329  0.000000E+00  0.000000E+00  0.000000E+00
     14370  0.000000E+00  0.000000E+00  0.000000E+00
     14394  0.000000E+00  0.000000E+00  0.000000E+00
     14406  0.000000E+00  0.000000E+00  0.000000E+00
     14508  3.757347E-01  8.775073E-02  1.023006E-01
     14510  0.000000E+00  0.000000E+00  0.000000E+00
     14515 -3.311835E+00 -3.486403E+00  7.725733E-01
     14517  2.379536E-01 -8.565317E+00  6.967901E-01
     14523  0.000000E+00  0.000000E+00  0.000000E+00
     14524 -6.019740E-02 -4.079544E-01  3.786549E-02
     14557 -8.614951E-02  3.514360E-02  9.436948E-02
     14809  0.000000E+00  0.000000E+00  0.000000E+00
     14871  9.510759E+00 -7.210258E+00 -1.762305E+00
     15331  8.936984E-02 -2.199446E+00  1.525154E+00
     15333 -2.565345E-02 -9.006082E-02  3.647469E-02
     15413  0.000000E+00  0.000000E+00  0.000000E+00
     15473  0.000000E+00  0.000000E+00  0.000000E+00
     15549  2.761969E-01 -2.260251E-01  2.866893E-02
     15583  0.000000E+00  0.000000E+00  0.000000E+00
     15596  0.000000E+00  0.000000E+00  0.000000E+00
     15597  3.508223E-01 -4.399939E-01 -3.207225E-01
     15612  8.345822E-02 -2.800844E-02 -5.712384E-02
