
                        S T E P       1


                                INCREMENT     1


 forces (fx,fy,fz) for set NPROX and time  0.1000000E+01

      1292  4.061644E-01  6.841758E-01 -9.030884E-01
      1293  8.619576E-01  2.572738E+00 -1.650729E+00
      1406  6.029776E-01  6.318351E+00  2.469979E+00
      1408 -3.094339E+00  7.735138E+00  3.528650E+00
      1418 -1.852090E+00  2.421965E+00  1.540138E-01
      1419 -1.854874E+00  2.062310E+00 -1.014134E-01
      1420 -4.903109E+00  8.735368E+00  2.302301E-01
      1524 -1.628204E+00  3.868480E+00 -1.336386E+00
      1525 -9.352935E-01  2.128517E+00 -4.695154E-01
      1526 -3.510415E-01  8.645552E-01 -8.757767E-01
      1527 -6.184167E-02  1.253263E-01 -1.788621E-01
      1528 -7.509469E-02  8.225962E-02 -7.608951E-01
      1556  3.996931E-01  7.986537E+00  9.477625E-01
      1557 -6.333132E-02  8.704053E+00  4.335242E-01
      1558  2.670458E-01  3.037399E+00  9.533725E-01
      1559  5.589327E-01  1.404649E+00  9.752993E-01
      1560 -6.241304E-01  4.512029E+00  9.117554E-01
      1561 -8.332526E-02  4.864146E+00  2.255613E+00
      1562  2.250050E+00  8.141477E+00  1.849603E+00
      1566  7.522415E-01  8.666480E+00  8.200121E-01
      1620 -1.292700E+00  3.156605E+00 -2.439806E+00
      1624  1.257989E+00  1.786423E+00  1.253157E-01
      1625  9.250817E-01  2.085095E+00  1.041164E-01
      1626  1.331855E+00  3.522704E+00  2.020168E-02
      1628  9.250522E-02 -3.463161E-03 -7.272299E-02
      1629  4.751981E-02 -5.003826E-03  1.635878E-02
      1797 -9.697725E-01 -1.590654E+00 -4.467670E-01
      1798 -1.721709E+00 -2.836744E+00 -1.141336E-01
      1799 -1.659627E+00 -4.268602E+00 -4.470128E-01
      1800  1.685336E+00 -1.258825E+00  1.576367E-01
      1801  2.184200E+00 -2.533645E+00 -8.890886E-02
      1802  1.525212E+00 -8.030551E-01  8.693200E-01
      1810 -9.283775E-01 -4.700812E+00  4.875041E-01
      1819  1.035630E+00 -1.439368E+00 -2.164494E-01
      1820  5.334993E-01 -2.779817E-01 -3.476503E-01
      1821  1.454728E+00 -1.434496E+00 -9.130143E-02
      1830  1.070062E+00  7.413487E+00  1.134817E+00
      1831  6.156387E-01  8.223473E+00  9.144993E-01
      1832 -1.465507E-01  3.743416E+00  9.572516E-01
      1833 -4.371180E-01  7.332573E+00  9.349102E-01
      1861 -2.081439E-01  1.018268E+00  3.426434E-01
      1862  1.359096E+00 -1.849664E+00 -2.598073E-01
      1863  1.110241E+00 -1.336496E+00 -2.100928E-01
      1873  0.000000E+00  0.000000E+00  0.000000E+00
      1874  3.120695E-01  9.374404E-02  8.121990E-02
      1875  0.000000E+00  0.000000E+00  0.000000E+00
      1888  9.844431E-03  1.704360E+00  5.759310E-01
      1889 -4.768862E-01  1.497992E+00  9.727971E-01
      1890  3.204113E-01  2.877061E+00  7.813753E-01
      1891  1.119697E+00  3.775785E+00  1.364955E+00
      1892  1.097500E+00  3.747159E+00 -3.566870E-01
      1893  4.158357E-01  2.276682E+00  8.493079E-01
      1914 -7.808637E-01  1.400753E+00 -9.404057E-02
      1915 -1.629494E+00  2.295460E+00 -4.433433E-03
      1916 -1.457960E+00  1.770304E+00  5.999676E-02
      1948 -1.111095E-01  1.797817E-01 -2.166774E+00
      1949  1.865859E+00  2.111324E+01  3.538888E+00
      1950  1.520783E+00  2.225892E+01  4.218939E+00
      1967  2.009152E+00 -1.988425E+01  8.064174E+00
      1968 -2.156638E+00 -1.605251E+01  3.367214E+00
      1969  2.189164E-01 -4.440629E+00  9.906212E-01
      1970  9.537813E-04  4.907008E-03 -8.001124E-03
      1971 -5.688150E-01 -3.405455E+00  1.352977E+00
      1976  1.609826E-01 -3.370760E+00  5.292362E-01
      1977 -1.522518E-01 -1.574161E+00  1.707423E+00
      1981  3.441425E+00 -2.692342E+01  4.450828E+00
      1982  9.140009E-01 -9.442301E+00  1.437047E+00
      2064 -1.084870E-01  3.229107E+00  1.051810E+00
      2065  4.358351E-01  3.820451E+00  1.688181E+00
      2077  4.624886E+00  7.019493E+00  1.111609E+00
      2078  3.943350E+00  7.218656E+00  3.145300E-01
      2440 -2.925447E-01 -1.032407E+00 -7.667603E-01
      2441 -5.823166E-01 -7.384309E-01 -5.064020E-01
      2442 -4.766074E-01 -6.355129E-01 -8.850718E-01
      2444  1.100675E+00  1.407755E+00 -1.640531E-02
      2445  2.061496E+00  7.048441E+00 -2.258552E+00
      2446  1.104175E+00  7.849693E-01 -6.366429E-01
      2447  3.409752E+00  1.013634E+01 -2.017001E+00
      2448  3.722240E+00  9.304623E+00 -1.136844E+00
      2449  0.000000E+00  0.000000E+00  0.000000E+00
      2450  1.084364E+00  1.173552E+00 -4.504625E-02
      2451 -2.266778E-01 -1.379673E+00 -2.395844E-02
      2452  1.511313E+00  1.323008E+00  5.683958E-01
      2453  3.432261E+00  2.544264E+00  2.625952E+00
      2454  1.102840E+00  1.672786E+00  6.027929E-02
      2455  3.697823E+00  8.596329E+00 -8.238971E-01
      2456  1.162631E+00  1.450412E+00 -2.160665E-01
      2457  1.865089E+00  2.408066E+00 -8.794821E-01
      2458  5.127778E-01  9.709402E-01 -7.292805E-01
      2459  1.214128E+00  1.546074E+00 -7.340032E-01
      2460  8.276183E-01  1.430797E+00 -5.111044E-01
      2461  7.431972E-01  7.297462E-01 -1.177035E+00
      2462  6.720819E-01  1.013509E+00 -8.142456E-01
      2463 -4.446117E-01 -5.424120E-01 -6.029893E-01
      2464 -1.870176E-01  1.382918E-01 -7.016849E-01
      2465 -8.606685E-02 -2.699580E-01 -9.378881E-04
      2466  0.000000E+00  0.000000E+00  0.000000E+00
      2467  6.542691E-01  1.278701E+00  1.881295E-01
      2468  7.292127E-01  5.275875E-01  2.005779E-01
      2469  6.174377E-01  1.531273E+00 -1.179683E+00
      2470  6.522907E-01  1.177083E-01 -1.954848E-01
      2471 -5.541113E-01 -7.899773E-01 -8.996288E-01
      2481 -1.979145E+00 -4.063648E+00 -2.755027E+00
      2482 -2.008820E+00 -5.566157E+00 -1.277029E+00
      2483 -1.115869E+00 -6.575951E-01 -7.701041E-01
      3068 -4.074238E-01  3.174856E-01  1.776207E-01
      3069 -5.759904E-01 -1.033635E+00 -3.790985E-01
      3070 -8.560348E-01 -9.595275E-01 -4.876809E-01
      3071  0.000000E+00  0.000000E+00  0.000000E+00
      3072  0.000000E+00  0.000000E+00  0.000000E+00
      3073 -1.279737E-01  6.468172E-01 -8.553913E-01
      3074  5.073183E-01  5.457076E-01 -5.241430E-01
      3075  3.715957E-01  1.465332E+00 -8.276655E-01
      3076 -5.086114E-01 -1.178682E+00 -1.941407E+00
      3077  7.009315E-01 -1.275607E+00  9.810376E-01
      3078  3.223854E-01  1.376307E+00  3.204954E-01
      3079  1.670654E+00  4.339825E+00 -9.213749E-01
      3080  1.357702E+00  1.226284E+00  6.096966E-02
      3177 -2.755540E-01  5.512966E-01 -9.580780E-01
      3178 -5.775034E-01  1.799175E+00 -2.184881E+00
      3179 -5.014995E-01  7.634371E-01 -5.377412E-01
      3180 -4.168654E-01  5.191428E-01 -5.516003E-01
      3181 -8.736991E-01  3.897042E-01  5.069678E-01
      3182 -1.153612E+00  7.976605E-01  1.104767E-01
      3410 -6.609422E-01  2.001909E+00  5.975948E-01
      3465 -6.638191E-01  5.415375E+00  2.319761E+00
      3466  2.198531E+00  6.529290E+00  2.764241E+00
      3468  9.958502E+00  1.666478E+01  5.107257E+00
      3470  3.362649E-01  1.878110E+00 -2.153356E-01
      3472 -1.331698E-01  1.697375E+00  4.903595E-01
      3484 -1.912507E-01  7.765840E+00  1.436033E+00
      3487 -3.915054E-01  1.709346E-01  3.370921E-02
      3531  4.495457E+00  1.625745E+01  3.953621E+00
      3546 -2.396110E+00  7.083885E+00 -8.468675E-01
      3547 -4.320553E+00  9.624273E+00 -2.788224E+00
      3548 -6.928715E+00  8.499261E+00  4.602220E-01
      3551 -4.554134E+00  8.744452E+00  1.155699E-01
      3553 -9.085906E-01  1.975315E+00 -2.576766E-01
      3554 -1.292411E+00  2.342895E+00 -4.178933E-01
      3555 -5.453821E-01  8.013932E-01 -2.466188E-01
      3565 -3.940825E+00  2.819942E+00  2.607584E+00
      3568 -4.245838E+00  8.019604E+00 -1.322291E+00
      3584 -1.952461E-01  5.700450E-01 -1.052102E+00
      3585 -1.909331E-01  5.280764E-02 -1.023048E+00
      3599 -1.294459E+00  1.381200E+00 -3.695980E-01
      3600 -2.368478E+00  6.008674E+00 -9.382028E-01
      3601 -8.172274E-01  1.131162E+00 -1.362192E-02
      3602 -5.890925E-01 -1.156862E-01 -8.811425E-01
      3603 -1.669931E+00  1.995860E+00 -6.754999E-01
      3604  0.000000E+00  0.000000E+00  0.000000E+00
      3605  4.077996E-01 -7.301010E-01  2.374395E-01
      3606  9.641246E-01 -3.695056E-01  7.761560E-02
      3607  6.405956E-01 -5.794550E-01 -5.238131E-01
      3608  2.519539E-01  2.322815E-02 -5.181804E-01
      3609  3.061391E-01 -6.670260E-01 -6.363184E-01
      3610  3.316746E-01  6.787980E-01 -7.002772E-01
      3611  2.092160E-01 -3.646211E-01 -9.203008E-01
      3612 -7.153342E-02  3.195425E-01 -1.088224E+00
      3613 -7.063951E-01  6.977418E-01 -5.343998E-01
      3614  2.615840E-01  5.027641E+00  6.888659E-01
      3615  3.125291E-01  2.206903E+00  8.606470E-01
      3616 -1.031984E+00  1.357419E+00 -3.336888E-01
      3617 -1.037835E+00  1.684893E+00 -4.452718E-01
      3618 -1.775651E+00  2.085559E+00 -2.371609E-01
      3619 -1.407289E+00  1.722458E+00 -2.745522E-01
      3620 -4.850472E+00  5.610215E+00  4.229347E-01
      3621  0.000000E+00  0.000000E+00  0.000000E+00
      3622 -5.962307E-01  1.210617E+00  4.901206E-01
      3623  0.000000E+00  0.000000E+00  0.000000E+00
      3624  1.004180E+00 -6.194615E-01 -8.758728E-01
      3625  1.437251E+00  5.749680E-02  1.168268E+00
      3626  4.139912E-01 -3.984728E-01 -2.009332E-01
      3627  8.811278E-01 -1.540532E+00 -7.772454E-01
      3629 -3.018815E+00 -1.620460E+01  3.955879E+00
      3630 -4.143830E+00 -2.082826E+01  6.643038E+00
      3631  4.803524E+00 -2.945711E+01  6.399520E+00
      3632  8.743897E-01 -4.619238E+00  2.122154E+00
      3633  9.630313E-01 -2.004984E+00  1.543343E+00
      3638  5.115712E-01 -1.851777E+00  1.547011E+00
      3639  0.000000E+00  0.000000E+00  0.000000E+00
      3640  7.427979E-02 -4.414014E-01 -1.972573E-01
      3648 -8.267682E-01 -3.967442E+00  1.803430E+00
      3649 -6.247514E-01 -2.400185E+00  2.121986E+00
      3656 -5.543642E-01 -4.035667E+00  2.914511E+00
      3657  2.849033E-01 -5.222498E+00  2.360970E+00
      3658 -5.019091E-02 -3.792997E+00  1.138842E+00
      3659 -1.031613E+00 -3.734652E+00  1.221815E+00
      3660 -2.383275E-01 -4.385855E+00  1.507169E+00
      3661  0.000000E+00  0.000000E+00  0.000000E+00
      3662  5.787257E-02 -1.073896E+00 -5.931612E-02
      3663 -4.945848E-01 -1.793752E+00  9.809962E-01
      3664 -1.104826E-01 -3.874406E+00  9.080479E-01
      3665 -2.155516E-01 -1.962794E+00  7.279054E-01
      3666  5.495336E-01 -6.613755E+00  8.808901E-02
      3669 -5.024118E-01 -2.197377E+00  1.219072E+00
      3670 -4.178822E-01 -2.407386E+00  9.887191E-01
      3671 -1.637932E-01 -1.162140E+00  4.395883E-01
      3672 -6.805522E-02 -6.100407E+00  6.298535E-01
      3675 -2.193823E-01 -3.303432E+00  1.698094E+00
      3694 -1.229028E+00 -1.359025E+00 -4.628748E-02
      3695 -8.311635E-01 -1.238916E+00 -2.479833E-01
      3696 -1.012194E+00 -1.202272E+00 -6.988876E-02
      3701  1.405038E+00 -3.028131E+00 -1.177421E+00
      3705  1.936357E-01 -1.097434E+00 -4.173920E-01
      3706  8.089585E-01 -1.457864E+00 -6.504794E-01
      3707  9.534391E-01 -1.325029E+00 -8.667243E-01
      3708 -1.444984E+00  2.785558E+00 -1.165275E+00
      3709 -1.297626E+00  1.646421E+00 -4.013897E-01
      3719 -9.897262E-01 -2.141429E+00  6.902109E-02
      3720 -1.429381E+00 -4.188170E+00  8.926238E-02
      3724 -1.181843E+00 -1.572376E+00 -4.006471E-01
      3725  0.000000E+00  0.000000E+00  0.000000E+00
      3726  0.000000E+00  0.000000E+00  0.000000E+00
      3727 -1.322987E+00 -1.237511E+00  1.602463E-01
      3766  2.091238E+00  1.990747E+01  4.811378E+00
      3767  1.239701E+00  1.357893E+01  2.733547E+00
      3768  7.416005E-01  3.301743E+00  1.377303E+00
      3769 -1.367106E-01  2.266408E+00  1.422544E+00
      3770  3.188879E-01  1.046123E+00  7.040531E-01
      3771  3.913303E-01  1.015898E+00  7.595710E-01
      3772  7.504244E-02  1.328851E+00  6.605066E-01
      3773  3.093661E-01  1.107570E+00  3.923629E-01
      3774  3.146263E-01  1.663644E+00  5.675761E-01
      3775  4.178906E-01  2.308523E+00  4.019379E-01
      3776  4.891099E-01  7.536208E+00  1.571114E+00
      3777  4.370992E-01  2.617449E+00  8.038702E-01
      3778  6.814131E-01  6.412356E+00  1.111560E-01
      3779  2.346150E-01  1.429926E+00  2.620335E-01
      3780  1.105439E-01  6.158447E+00 -1.325900E-01
      3808  4.493146E-01  1.858738E+00  1.376471E+00
      3809  2.242671E-01  7.521674E-01  4.095749E-01
      3830  6.594020E+00 -1.919495E+01  5.444521E+00
      3831  2.947606E+00 -8.936922E+00  2.241573E+00
      3832  9.206396E-01 -2.786090E+00  1.471442E+00
      3845  0.000000E+00  0.000000E+00  0.000000E+00
      3846  0.000000E+00  0.000000E+00  0.000000E+00
      3847  0.000000E+00  0.000000E+00  0.000000E+00
      3848 -1.060789E+00  2.292161E+00  9.381189E-01
      3849  4.652962E-01 -1.283461E+00  5.508061E-01
      3850 -7.726951E-01  1.344645E+00  3.604107E-01
      3876 -6.910189E-01  1.045383E+00 -8.913453E-01
      3877 -1.359946E+00  2.726157E+00 -2.073646E+00
      3878 -7.900453E-01  1.472271E+00 -4.816161E-01
      3883  2.070626E-01 -3.913123E-01 -1.072475E+00
      3884  3.257641E-01 -3.402739E-01 -2.502500E+00
      3888 -1.228458E-02 -9.634064E+00  1.498489E+00
      3917 -5.003443E-01  3.222305E+00  9.200842E-01
      3918 -7.157568E-01  4.257776E+00  1.141706E+00
      3919  3.169840E-01  1.162182E+00  9.815009E-01
      3923  1.737744E+00  2.044331E+00 -3.487815E-01
      3924  1.384575E+00  1.917261E+00 -3.861759E-01
      3932 -4.193190E-01  2.784825E+00  1.410053E+00
      3933 -2.324622E-01  9.905106E-01  5.476723E-01
      3934 -4.069503E-01  6.553262E-02  6.087001E-01
      3969 -2.712950E-01  2.262602E+00  4.638221E-01
      3970 -6.481425E-01  4.632229E+00  6.542521E-01
      3973  5.210524E-01  1.996764E+00  9.978004E-01
      3974 -8.318396E-01  4.254991E+00  2.026994E+00
      3975  4.723803E-02  2.625160E+00  1.084454E+00
      3977 -2.941963E+00  9.140955E+00  1.503507E+00
      3978  7.373364E-01  2.632314E+01  6.397893E+00
      3979  4.590938E-01  1.800370E+00  1.140803E+00
      3980 -7.126392E-04  4.196724E+00  1.340011E+00
      3981  5.237031E-02  3.210661E+00  1.008410E+00
      3982 -8.217536E-01  4.210629E+00 -6.935636E-02
      3983  4.374935E-01  4.245893E+00  1.156620E+00
      3993 -1.306186E-02  4.385756E+00  5.509480E-01
      4046 -3.012799E-02 -8.916571E-01 -6.795655E-01
      4047  3.153564E-01  7.837255E-01 -2.484714E+00
      4057  1.135544E+00  1.961868E+00 -5.114457E-01
      4058  1.666167E+00  3.456477E+00 -2.167078E-01
      4063  1.754539E+00  3.172797E+00 -1.147876E+00
      5160  2.064502E-01 -5.877071E-01 -7.828809E-01
      5161 -3.142048E-02 -1.655730E-01 -3.263737E-01
      5162 -1.099845E-01 -9.977047E-02 -9.567426E-01
      5163 -8.926149E-01 -2.165052E+00 -8.462976E-01
      5164 -8.074752E-01 -1.856467E+00 -1.550192E+00
      5167  1.769637E+00  3.553690E+00 -2.954287E-01
      5170  1.566703E+00  3.153791E+00 -1.601488E-03
      5483 -2.499011E+00  2.006432E+01  1.870260E+00
      5484 -8.016879E-02  6.031280E+00  8.698275E-01
      5485  2.791433E-01  2.440033E+00  8.939191E-01
      5486 -1.075830E+00  4.867281E+00 -5.719814E-01
      5487 -3.358865E-01  2.857657E+00  5.254614E-01
      5488 -2.996927E-01  9.599573E-01  4.262407E-01
      5493  3.507657E-01  5.169327E-01 -2.192864E-01
      5503  2.920126E+00 -1.029227E+01  1.906123E+00
      5509 -5.970916E-01 -2.079494E+00  3.698163E+00
      5524  1.249735E-01  1.185021E+00  7.842117E-01
      5525 -1.665831E-01  7.382288E-01  1.059333E+00
      5612  4.900706E+00  1.301663E+01  3.923855E+00
      5615 -1.806275E-01 -1.767198E-01 -2.872586E-01
      5616  0.000000E+00  0.000000E+00  0.000000E+00
      5620 -1.155063E+00  5.410739E+00  2.309297E+00
      5621 -3.504649E+00  2.229066E+01  5.448010E+00
      5622 -1.051083E+00  1.706544E+01  3.662822E+00
      5623 -2.188732E+00  1.156413E+01  2.044986E+00
      5635 -2.237686E+00  5.265140E+00 -2.913341E-02
      5636 -2.201346E+00  5.434021E+00 -1.315317E+00
      5638 -1.905498E+00  4.290901E+00  2.664659E-02
      5701  4.003304E+00  7.591413E+00  1.569908E-01
      5702  1.573955E+00  2.797444E+00 -5.564174E-01
      5776  1.695828E-01  6.546579E-01 -4.136043E-01
      5777  6.982252E-01  3.698374E+00 -3.520402E+00
      5778 -1.764970E-02  2.762387E+00  4.270460E-01
      6003  1.469963E+00 -3.368191E+00 -3.104226E-01
      6004  1.734905E+00 -3.211490E+00 -4.456746E-01
      6039  6.565136E-02  4.901496E-02 -2.223913E-03
      6048 -2.509036E+00 -3.047215E+00  5.289131E-01
      6075 -1.836230E-01  1.873438E+00  6.483029E-01
      6076  0.000000E+00  0.000000E+00  0.000000E+00
      6157  1.733262E-01 -2.880577E+00  7.689799E-01
      6158 -1.182115E-01 -2.936746E+00  1.464868E+00
      6160 -5.670813E+00 -1.166585E+01  3.983428E+00
      6161 -1.084675E+00 -7.835965E+00  3.261744E+00
      6162 -1.659958E-01 -2.310331E+00  2.534449E+00
      6163 -2.930673E-01 -1.787249E+00  1.442032E+00
      6165 -8.903395E-01 -7.113426E+00  1.580143E+00
      6176  9.813547E-01 -9.046136E+00  2.992527E+00
      6181 -3.282854E+00 -1.110126E+00  8.924237E-01
      6182 -5.566573E-02 -1.349186E+00  5.850682E-01
      6192  1.051591E+00 -3.760084E+00  5.454667E-01
      6194 -1.290588E-02 -1.645935E+00  9.641848E-01
      6195  4.125130E-01 -3.461012E+00  8.172661E-01
      6196  3.912383E-01 -2.085077E+00  6.290688E-01
      6199 -1.100443E-01 -2.791333E+00 -2.890423E-01
      6200  3.296127E-01 -2.722219E+00  4.811288E-01
      6202  1.075011E+00 -8.086159E+00  1.492156E+00
      6239 -2.380302E-01  2.265333E-01 -1.844502E-02
      6240 -1.121526E+00 -1.881496E+00  1.226081E+00
      6241 -2.527097E-01 -1.925994E+00  7.459938E-01
      6245 -3.386307E-01 -4.310260E+00  9.487200E-01
      6246  9.893173E-01 -6.094256E+00  8.269436E-01
      6254  4.235004E-01 -2.380829E+00  1.110160E+00
      6255  2.503611E-01 -1.774476E+00  1.085932E+00
      6256  7.802304E-02 -1.176354E+00  6.052775E-01
      6257  1.783668E-01 -3.296493E+00  1.682387E+00
      6258  5.117124E-01 -1.101040E+00  1.079549E+00
      6259  2.041496E-01 -3.082679E+00  1.015209E+00
      6260  5.442659E+00 -1.058897E+01  3.038069E+00
      6261  9.865279E-01 -2.529879E+00  1.888595E+00
      6377  1.261845E+00  4.026088E+00 -1.780018E+00
      6378  1.592027E+00  4.171168E+00 -1.482779E+00
      6379  3.484973E-01  1.051924E+00 -4.707431E-01
      6400 -3.361603E+00  7.972486E+00  2.669501E-01
      6401  0.000000E+00  0.000000E+00  0.000000E+00
      6402 -3.399099E-01  4.817370E-01  3.591985E-01
      6403  8.227822E-02 -1.161811E-01 -3.188450E-02
      6404  2.770913E+00 -6.617257E+00 -2.605047E+00
      6405  3.151412E+00 -1.467976E+01 -1.985815E+00
      6407  1.095227E+00  4.432543E-01  1.602560E+00
      6420 -1.333971E+00 -2.169881E-01 -2.917029E-02
      6421 -3.541817E+00 -6.770744E+00 -1.403113E+00
      6422 -2.708485E+00 -9.228089E+00 -3.339770E+00
      6423 -1.300084E+00 -8.324068E-01  4.818615E-01
      6428 -1.110611E+00  1.165656E+00 -1.603977E-01
      6433 -7.516901E-01 -1.318774E+00  4.692514E-01
      6435  1.558663E+00  1.814136E+00 -4.042434E-01
      6436 -7.022640E-01 -9.792442E-01 -2.600573E-01
      6437  3.040473E-01  7.490839E-01  5.079055E-01
      6438  0.000000E+00  0.000000E+00  0.000000E+00
      6439 -5.544469E-01 -9.741234E-01 -8.262985E-01
      6721 -1.190420E-01 -2.478321E+00  1.510229E+00
      6744 -1.371246E+00 -5.026937E+00  2.338039E-01
      6745  0.000000E+00  0.000000E+00  0.000000E+00
      6749  3.325206E-01 -4.315743E+00  1.180403E+00
      6788 -8.010307E-01 -3.018356E+00 -1.910814E-01
      6789 -5.227128E-02 -3.137758E-01 -7.271324E-01
      6790 -1.981058E-03 -7.295965E-01  5.998412E-01
      6791  1.719817E-01 -2.530014E+00  1.267812E+00
      6792  6.434445E-01 -3.512736E+00  7.755338E-01
      6793 -4.195749E-01 -9.489692E+00  2.462058E+00
      6795 -6.393726E+00 -2.412502E+01  4.458922E+00
      6798 -2.409711E+00 -8.044764E+00  1.832637E+00
      6799  8.577430E-02 -3.308236E+00  1.082935E+00
      6800  1.462902E+00 -1.056174E+01  1.858924E+00
      6801  3.709006E-02 -1.985108E+00  9.204811E-01
      6803  3.090260E-01 -7.532773E+00  2.051442E-01
      6804 -3.345485E-01 -6.890641E+00  6.948111E-01
      6819  7.988955E-01 -4.650254E+00  5.827646E-01
      6825  1.421962E-02 -3.104157E+00  1.026832E+00
      6827 -6.297855E-01 -8.506794E-01 -3.076205E-01
      6828 -6.492988E-01 -1.710913E+00 -2.417158E-01
      6830 -6.892622E-01  3.069243E+00  4.663099E-01
      6841  1.412821E-01 -7.157155E-02 -1.764066E-01
      6842  1.866867E+00 -6.144026E+00 -2.618504E+00
      6865 -1.399284E+00  3.735425E+00 -1.285296E+00
      6866 -2.514136E+00  7.817476E+00 -3.641912E+00
      6880  1.434157E+00 -1.048263E+00  7.652141E-02
      6881 -7.614598E-01  2.183028E+00 -7.442995E-01
      6882 -1.896755E-01 -4.865005E-01 -1.156063E+00
      6883  3.247469E-01  1.282045E+00 -1.020052E+00
      6884 -3.249085E-01 -1.199178E+00 -2.548728E+00
      6916  2.968695E-01 -5.760148E-01  1.681974E-01
      6917  9.245746E-01 -3.403509E-01 -4.104032E-01
      6918 -4.698373E-01 -8.806212E-01 -1.566055E+00
      6930  0.000000E+00  0.000000E+00  0.000000E+00
      6940  2.885475E+00 -4.321945E+00 -7.932797E-01
      6941  7.092780E-01 -4.751771E-01 -1.969566E-01
      6944 -2.323364E+00 -3.772067E+00 -6.826032E-01
      6945 -8.675693E-01 -1.365728E-01 -4.893641E-01
      6946 -3.000450E+00 -5.844097E+00 -1.023411E+00
      6965  6.654115E+00 -7.386214E+00  2.074189E+00
      6988 -1.513238E+00  2.303687E-01  1.288044E-01
      6993  0.000000E+00  0.000000E+00  0.000000E+00
      6994  0.000000E+00  0.000000E+00  0.000000E+00
      6999 -4.193389E-01 -3.055805E-01 -1.255155E-01
      7025  1.607700E+00  3.255765E+00 -1.970225E+00
      7145  3.755799E-02 -3.203104E-02 -8.279801E-01
      7155  3.068315E-02 -7.179882E-02 -1.370905E+00
      7183 -1.542910E-01 -4.292252E-01 -4.472301E-01
      7184 -3.856962E-01 -5.998451E-01 -3.999931E-01
      7185  3.655925E-01  3.664839E-01 -2.287140E-01
      7186 -6.313919E-01 -1.825695E+00  6.662483E-01
      7250  1.109386E+00 -5.301158E+00 -2.300930E+00
      7251  5.901841E+00 -6.083677E+00 -1.060708E+00
      7256 -1.509555E+00 -3.156298E+00 -4.887875E+00
      7265 -3.927601E-01 -2.258764E+00  7.757899E-01
      7266 -7.519526E-01 -1.595448E+00  1.961251E-01
      7267 -4.119180E-01 -4.316912E+00 -1.590580E-01
      7268 -3.999545E-02 -1.426574E+00  2.070135E-01
      7269  0.000000E+00  0.000000E+00  0.000000E+00
      7282  5.533410E-01 -1.253339E+00  1.148091E+00
      7288 -3.235306E-01 -3.954194E-01 -2.151559E-01
      7953 -1.967991E-01  2.085046E+00 -3.268219E-01
      7974  3.408239E+00  6.009819E+00 -4.323922E-01
      7975  1.886499E+00  2.114677E+00  5.140340E-01
      7983  2.340416E-01 -4.282985E-01 -5.307378E-01
      7984  2.251513E-03 -3.659466E-01 -1.088611E+00
      7985  4.288562E-01 -1.036727E+00  5.536582E-01
      7993 -3.819096E+00 -6.378182E+00  1.292558E+00
      7996 -1.031832E+00 -7.562853E-01  2.629342E-01
      7997 -1.856848E+00 -1.607371E+00  8.555206E-02
      8063 -3.775651E+00 -7.096050E+00  6.448546E-02
      8072  1.093141E+00  1.232463E+00 -3.949661E-01
      8073  9.298020E-01 -2.991165E+00 -1.666016E+00
      8078  9.433586E-01 -2.064137E+00  9.342472E-01
      8079 -3.049371E-01 -3.705410E+00  9.886341E-01
      8092  6.741239E-01 -4.680300E+00  2.463840E+00
      8099 -7.604557E-01 -2.273301E-01  1.830932E-01
      8236  4.980101E-01  4.040473E+00  1.907527E-01
      8237 -1.344186E+00  3.767623E+00  6.027284E-01
      8731  1.186052E+00  3.650749E+00 -5.554917E+00
      8897 -1.609306E+00  4.376590E+00 -4.353285E-02
      8927  9.417491E-01  2.721199E+01  6.786963E+00
      8928 -1.149036E-01  2.801158E+00  1.231473E+00
      9013 -2.654696E-01  2.594811E+00  4.302995E-01
      9014 -6.836953E-01  2.101569E+00  7.354128E-01
      9015 -2.937152E-01  3.087684E+00  1.269714E+00
      9017 -2.667503E-01  3.434272E+00  1.204422E+00
      9018  7.677951E-02  1.974831E+00  8.023300E-01
      9019 -1.124894E+00  4.674692E+00  7.147292E-01
      9041 -6.887551E+00  1.331532E+01  4.415647E+00
      9043 -3.614057E+00  1.275200E+01  5.018036E+00
      9081 -4.717238E-02  6.016095E+00  9.817283E-01
      9127 -3.124937E-01  2.745567E+00  1.055147E+00
      9128 -1.253148E+00  1.130473E+01  1.630963E+00
      9138 -1.036304E+00 -3.845582E-01 -5.041392E-01
      9139  0.000000E+00  0.000000E+00  0.000000E+00
      9140  0.000000E+00  0.000000E+00  0.000000E+00
      9141 -3.777350E-01 -3.601320E+00  1.021122E+00
      9146  2.541862E-01 -1.056254E-01 -3.158226E-01
      9172 -1.483340E-01  4.491432E+00  5.084486E-01
      9199  2.208088E+00  5.251675E+00 -1.415700E+00
      9205  2.906080E-03 -1.568382E-01 -1.555887E-01
      9215 -7.279814E-01  3.644595E+00  1.646334E-02
      9278  6.319994E-03  1.023789E-02 -1.525130E-02
      9279  0.000000E+00  0.000000E+00  0.000000E+00
      9280  6.936087E-01  2.052419E+00 -1.708216E-01
      9309  1.658840E+00 -4.404043E+00 -2.186175E-01
      9333 -1.011410E-01  7.562913E+00  3.620911E-01
      9337  5.517739E-01 -1.697876E+00 -6.183426E-01
      9338  6.572601E-01 -4.386804E+00  1.752465E+00
      9417  6.524042E-01  2.041952E-02 -3.236599E-01
      9418 -2.257919E-02 -2.816320E-02 -1.484026E-02
      9419  0.000000E+00  0.000000E+00  0.000000E+00
      9420  0.000000E+00  0.000000E+00  0.000000E+00
      9422 -5.236648E-01  1.868694E+00  1.028887E+00
      9437  9.266094E-01 -3.671540E+00 -7.919258E-01
      9453 -2.521864E+00 -3.645912E+00  5.954723E-01
      9454  0.000000E+00  0.000000E+00  0.000000E+00
      9455 -5.753565E-01 -6.675525E+00 -9.438931E-01
      9460  9.801542E-01 -8.451342E+00 -2.094810E+00
      9461  5.299865E+00 -5.408937E+00  1.331522E+00
      9462  6.289014E-01 -5.682988E-01 -1.320501E-01
      9463  3.360453E-01 -2.229604E+00 -7.420341E-01
      9464  4.445990E-01 -2.396127E+00 -5.036028E-01
      9485  2.161335E-01  5.225164E-01  2.914824E-01
      9486  0.000000E+00  0.000000E+00  0.000000E+00
      9487  3.387573E-01 -1.905316E-01 -6.299611E-01
      9488  0.000000E+00  0.000000E+00  0.000000E+00
      9489  1.357525E+00 -5.054486E+00  4.729777E-01
      9490  1.050562E-01 -9.605768E-02 -1.513449E-01
      9491  3.010558E-01 -9.426384E-01  1.497075E-01
      9495  6.786216E-01 -1.714422E+00  5.909501E-02
      9534  0.000000E+00  0.000000E+00  0.000000E+00
      9638  2.025481E-01 -2.110924E-01  8.966659E-02
      9661  0.000000E+00  0.000000E+00  0.000000E+00
      9662  4.097985E-01  1.749215E-01  1.302206E-01
      9663 -1.820727E+00 -3.538491E+00 -2.467917E+00
      9666 -7.751640E-01 -3.208687E+00 -3.154095E-01
      9667 -7.612791E-01 -1.798569E+00 -7.423752E-01
      9669 -8.652046E-01 -3.217900E-01 -5.093081E-01
      9670 -5.449790E-01 -3.590044E+00 -1.684035E-01
      9671 -6.558921E-01 -1.332394E+00 -5.822772E-01
      9736  1.534295E-01  1.341748E+01  1.690657E+00
      9743 -2.470723E-01 -1.695676E-01 -1.784197E-01
      9780 -8.726917E-01 -3.211892E+00  4.153825E-01
      9793  0.000000E+00  0.000000E+00  0.000000E+00
     10048 -9.140312E-01 -2.106766E+00  1.284840E+00
     10073 -6.586126E-02 -1.253267E-01 -1.345480E+00
     10100  4.101832E-01 -2.380506E+00 -5.219195E-03
     10161 -9.438091E-01 -2.837847E+00  5.311030E-01
     10162 -1.493002E-01 -1.120002E+00  6.734605E-01
     10169  2.132682E+00  9.629249E+00  2.332663E+00
     10194 -7.832347E-02  1.953274E+00 -3.152046E+00
     10228 -1.476275E-01 -1.182129E+01  4.056296E+00
     10231  7.554629E-01 -4.979206E-01 -1.997794E-01
     10260  0.000000E+00  0.000000E+00  0.000000E+00
     10454  3.215323E+00 -5.711927E+00 -9.381465E-01
     10461  0.000000E+00  0.000000E+00  0.000000E+00
     10514 -8.506994E-01 -1.555912E+00  6.958748E-02
     10515 -3.860271E-01 -7.239358E-01 -2.303924E-01
     10521 -3.036920E-01  5.136425E-01 -4.150787E+00
     10524  0.000000E+00  0.000000E+00  0.000000E+00
     10606  7.307749E-01 -1.101823E+00 -1.979012E+00
     10609  7.294661E-01 -4.134235E+00 -4.209433E+00
     10628 -1.149647E+00 -1.498672E+00  9.248729E-01
     10656 -7.466823E-01 -1.478944E+00  1.646906E+00
     10660 -1.155223E+00 -8.360366E-01  1.108063E+00
     13435  2.976392E-01  8.383464E-01 -4.846224E-01
     13436  3.803333E-01  7.788349E-01 -3.351428E-01
     13437 -7.864760E-01 -1.202165E+00  4.436633E-01
     13438  3.392863E-01  4.459653E-01 -9.688591E-02
     13439 -7.463220E-01 -1.221507E+00 -2.339747E-01
     13440 -8.019960E-01 -1.494651E+00 -3.084007E-01
     13473 -5.411232E-01 -1.262972E+00 -8.582699E-04
     13542  1.317082E-01 -1.852238E-01  2.290957E-02
     13543 -1.309501E-01  2.504407E-02 -1.564369E-02
     13546  1.164134E-01 -1.276160E-01 -1.696045E-02
     13547  0.000000E+00  0.000000E+00  0.000000E+00
     13563  5.854739E-01  9.915534E-01  2.224183E-02
     13570 -1.884346E-02  6.450606E-02 -1.727676E-01
     13571  7.089382E-02 -3.274465E-02 -6.033809E-02
     13573 -2.065281E-01  7.612735E-02  2.211797E-02
     13574  0.000000E+00  0.000000E+00  0.000000E+00
     13575  0.000000E+00  0.000000E+00  0.000000E+00
     13576  0.000000E+00  0.000000E+00  0.000000E+00
     13577  0.000000E+00  0.000000E+00  0.000000E+00
     13578  0.000000E+00  0.000000E+00  0.000000E+00
     13579 -1.174953E+00 -2.137154E+00 -4.421066E-01
     13588 -4.125795E-01 -8.269841E-01  1.054854E-01
     13590 -7.508793E-01 -1.543697E+00 -7.151977E-01
     13600 -3.619485E-02 -2.422375E-01 -5.057586E-01
     13601  1.127329E-01 -2.952170E-01 -4.106455E-01
     13602  0.000000E+00  0.000000E+00  0.000000E+00
     13603 -1.233315E-02 -3.295556E-01 -2.037526E-01
     13607  0.000000E+00  0.000000E+00  0.000000E+00
     13630  0.000000E+00  0.000000E+00  0.000000E+00
     13631 -1.332401E-01 -3.940400E-01  3.183138E-02
     13678  0.000000E+00  0.000000E+00  0.000000E+00
     13684  0.000000E+00  0.000000E+00  0.000000E+00
     13685 -3.217638E-01  9.230333E-01  4.537693E-01
     13697  0.000000E+00  0.000000E+00  0.000000E+00
     13698  0.000000E+00  0.000000E+00  0.000000E+00
     13699  7.298108E-02  2.521984E-01 -7.431835E-05
     13700  0.000000E+00  0.000000E+00  0.000000E+00
     13737 -1.958366E+00  2.234022E+00 -3.326193E-01
     13739  0.000000E+00  0.000000E+00  0.000000E+00
     13771  0.000000E+00  0.000000E+00  0.000000E+00
     13772 -1.596955E-01  7.914142E-02  1.016262E-01
     13782 -7.755574E-02  1.023675E-01 -5.061959E-02
     14300  0.000000E+00  0.000000E+00  0.000000E+00
     14301  0.000000E+00  0.000000E+00  0.000000E+00
     14307 -3.673628E-01  1.375998E-01 -3.359018E-02
     14362  4.776230E-01 -9.754188E-01  1.942536E-01
     14363  6.990748E-01 -1.546765E+00 -5.772391E-02
     14364  0.000000E+00  0.000000E+00  0.000000E+00
     14365 -1.914986E-01  1.517593E-01  3.725994E-02
     14378  2.459004E+00 -4.413016E+00 -1.821812E+00
     14379  3.388976E-01  1.374040E-01  1.412995E-01
     14380 -9.590082E-01  6.113465E-01  1.303203E-01
     14381  4.704733E-01 -4.269150E-01  1.453963E-02
     14382  2.218992E-01 -1.431571E-02 -1.977355E-01
     14383  3.077501E-01 -5.878508E-01 -2.955258E-01
     14479  3.725733E-01  9.102317E-02  1.041403E-01
     14644  1.289785E-01 -3.738728E-01  2.029377E-01
     14647 -5.928809E-01 -2.128351E+00 -1.297290E-01
     14648 -2.690735E-02 -5.610988E-02  1.712845E-01
     14654  0.000000E+00  0.000000E+00  0.000000E+00
     14694 -2.098517E-02 -6.984553E-02  1.970309E-02
     14702 -4.695684E-02  1.146586E-02  3.113244E-02
     14768  0.000000E+00  0.000000E+00  0.000000E+00
     14781  2.084223E-01 -1.468883E-01 -1.172559E-01
     14782  0.000000E+00  0.000000E+00  0.000000E+00
     14788  0.000000E+00  0.000000E+00  0.000000E+00
     14789 -2.915341E-03  5.190652E-03  4.289978E-03
     14790  1.105619E-02 -1.501019E-01 -9.544638E-02
     14795 -6.725350E+00 -8.870859E+00  1.523449E+00
     14800 -4.310794E+00 -7.692372E+00  3.977776E+00
     14802 -2.976299E+00 -4.796598E+00  4.148690E-01
     14805 -1.579597E+00 -1.110381E+00  6.074852E-01
     14814  5.845128E-01 -6.677406E-01  2.165381E-02
     14876  6.613498E-01 -1.164356E+00  7.434458E-01
     14877  1.058001E+00 -1.064655E+00  7.961234E-01
     14878  5.378851E-01 -7.844506E-01  1.196459E+00
     14880  3.925283E-02 -4.119865E+00  4.420037E-01
     14882  6.175861E-01 -2.530322E+00  4.304209E-01
     14883  1.134089E+00 -2.981864E+00  7.858513E-02
     14885  1.194040E+00 -1.030156E+00  3.678158E-01
     14886  9.427182E-01 -1.542398E+00  4.499860E-01
     14887  8.680265E-01 -7.898084E-01  2.173860E-01
     14889  3.298032E+00 -4.149722E+00  7.633063E-02
     14907  4.167819E+00 -5.310350E+00  1.318330E+00
     14908  5.576358E+00 -6.788944E+00  1.872223E+00
     14928 -3.708650E-03 -6.755483E-01  1.115672E+00
     14929 -7.516275E-01  2.348064E+00 -1.980260E+00
     14955  3.220997E-01 -3.497704E+00  5.703669E+00
     14959 -4.398738E-01 -9.168948E+00  5.618539E-01
     14968 -5.650549E-02 -1.514712E+01  1.861900E+00
     14981  1.331982E-01 -7.990887E+00  7.836009E-01
     14982 -1.337450E+00 -5.810978E+00  2.172756E+00
     14983  1.907994E+00 -1.069681E+01 -2.638986E+00
     14985 -1.432002E+00 -2.424637E+01  2.491317E+00
     14986  7.562519E-01 -2.979449E+00  2.270538E+00
     14987 -1.623045E-01 -1.596428E+00  7.739972E-01
     14989  0.000000E+00  0.000000E+00  0.000000E+00
     14990  0.000000E+00  0.000000E+00  0.000000E+00
     14991  1.600988E-01 -4.623030E+00  1.369268E+00
     14992  0.000000E+00  0.000000E+00  0.000000E+00
     14993 -2.019603E-01  2.205127E-01  5.822376E-01
     14994  2.524524E-01 -2.034541E+00 -1.748627E-01
     14995  5.348000E-03  1.100818E-03  5.464404E-02
     15668  0.000000E+00  0.000000E+00  0.000000E+00
