
                        S T E P       1


                                INCREMENT     1


 forces (fx,fy,fz) for set NPROX and time  0.1000000E+01

      1292  4.047577E-01  6.766201E-01 -8.992430E-01
      1293  8.591691E-01  2.561175E+00 -1.646991E+00
      1406  6.042049E-01  6.313220E+00  2.458810E+00
      1408 -3.088854E+00  7.719722E+00  3.510173E+00
      1418 -1.847943E+00  2.422484E+00  1.506716E-01
      1419 -1.851391E+00  2.063804E+00 -1.020016E-01
      1420 -4.884983E+00  8.723152E+00  2.129026E-01
      1524 -1.625081E+00  3.860279E+00 -1.334448E+00
      1525 -9.327655E-01  2.123184E+00 -4.691911E-01
      1526 -3.489196E-01  8.590126E-01 -8.734505E-01
      1527 -6.108497E-02  1.195592E-01 -1.779198E-01
      1528 -7.419632E-02  7.714195E-02 -7.550347E-01
      1556  4.011381E-01  7.995175E+00  9.430261E-01
      1557 -6.148632E-02  8.713104E+00  4.284635E-01
      1558  2.709777E-01  3.043727E+00  9.441264E-01
      1559  5.597499E-01  1.396084E+00  9.676890E-01
      1560 -6.256360E-01  4.527261E+00  9.021283E-01
      1561 -8.816492E-02  4.871324E+00  2.244866E+00
      1562  2.254043E+00  8.167138E+00  1.818483E+00
      1566  7.513806E-01  8.674456E+00  8.160343E-01
      1620 -1.265724E+00  3.122113E+00 -2.412859E+00
      1624  1.256278E+00  1.785824E+00  1.236997E-01
      1625  9.242755E-01  2.086106E+00  1.032561E-01
      1626  1.331211E+00  3.523607E+00  1.825884E-02
      1628  9.249577E-02 -3.390485E-03 -7.259864E-02
      1629  4.753696E-02 -4.980371E-03  1.624498E-02
      1797 -9.686852E-01 -1.591053E+00 -4.460133E-01
      1798 -1.720667E+00 -2.837817E+00 -1.122432E-01
      1799 -1.657819E+00 -4.270441E+00 -4.420505E-01
      1800  1.683341E+00 -1.256195E+00  1.565426E-01
      1801  2.176857E+00 -2.527944E+00 -8.826470E-02
      1802  1.521725E+00 -8.009124E-01  8.662671E-01
      1810 -9.290672E-01 -4.700976E+00  4.917059E-01
      1819  1.032347E+00 -1.437954E+00 -2.154345E-01
      1820  5.277101E-01 -2.781594E-01 -3.471699E-01
      1821  1.451085E+00 -1.433512E+00 -8.983847E-02
      1830  1.070901E+00  7.422379E+00  1.132150E+00
      1831  6.169933E-01  8.232650E+00  9.094868E-01
      1832 -1.477729E-01  3.749245E+00  9.519192E-01
      1833 -4.369546E-01  7.339386E+00  9.341219E-01
      1861 -2.084258E-01  1.017610E+00  3.417373E-01
      1862  1.355001E+00 -1.849521E+00 -2.578922E-01
      1863  1.107371E+00 -1.335012E+00 -2.085648E-01
      1873  0.000000E+00  0.000000E+00  0.000000E+00
      1874  3.116443E-01  9.386929E-02  8.082950E-02
      1875  0.000000E+00  0.000000E+00  0.000000E+00
      1888  7.802493E-03  1.704777E+00  5.731123E-01
      1889 -4.785746E-01  1.496115E+00  9.741885E-01
      1890  3.191609E-01  2.883358E+00  7.785249E-01
      1891  1.117673E+00  3.782658E+00  1.357953E+00
      1892  1.097647E+00  3.762354E+00 -3.743737E-01
      1893  4.144092E-01  2.279923E+00  8.444715E-01
      1914 -7.800354E-01  1.400990E+00 -9.421445E-02
      1915 -1.626261E+00  2.294705E+00 -5.488043E-03
      1916 -1.456789E+00  1.770800E+00  5.898907E-02
      1948 -1.092253E-01  1.677923E-01 -2.157117E+00
      1949  1.853377E+00  2.119885E+01  3.482609E+00
      1950  1.500677E+00  2.233958E+01  4.171655E+00
      1967  1.997482E+00 -1.988503E+01  8.043328E+00
      1968 -2.160128E+00 -1.605578E+01  3.368218E+00
      1969  2.176809E-01 -4.441917E+00  9.867598E-01
      1970  9.563224E-04  4.905610E-03 -7.970564E-03
      1971 -5.700004E-01 -3.406000E+00  1.351681E+00
      1976  1.620307E-01 -3.370941E+00  5.293500E-01
      1977 -1.530409E-01 -1.572163E+00  1.710733E+00
      1981  3.409651E+00 -2.693583E+01  4.435753E+00
      1982  9.139634E-01 -9.443288E+00  1.436822E+00
      2064 -1.105892E-01  3.224672E+00  1.035273E+00
      2065  4.298247E-01  3.826663E+00  1.674614E+00
      2077  4.610460E+00  7.008166E+00  1.105662E+00
      2078  3.926187E+00  7.214862E+00  2.999728E-01
      2440 -2.913437E-01 -1.033075E+00 -7.601247E-01
      2441 -5.816813E-01 -7.407467E-01 -5.049294E-01
      2442 -4.727102E-01 -6.373629E-01 -8.735008E-01
      2444  1.090949E+00  1.392826E+00 -2.190401E-02
      2445  2.032166E+00  7.013458E+00 -2.240478E+00
      2446  1.096825E+00  7.796846E-01 -6.393056E-01
      2447  3.363669E+00  1.010313E+01 -2.012249E+00
      2448  3.690811E+00  9.286993E+00 -1.146103E+00
      2449  0.000000E+00  0.000000E+00  0.000000E+00
      2450  1.082133E+00  1.174603E+00 -4.628373E-02
      2451 -2.279076E-01 -1.380214E+00 -2.440434E-02
      2452  1.509202E+00  1.319506E+00  5.670048E-01
      2453  3.420229E+00  2.533369E+00  2.613186E+00
      2454  1.096929E+00  1.670571E+00  5.937552E-02
      2455  3.672589E+00  8.580699E+00 -8.433314E-01
      2456  1.158693E+00  1.448112E+00 -2.183464E-01
      2457  1.859484E+00  2.406531E+00 -8.812224E-01
      2458  5.077478E-01  9.664477E-01 -7.265614E-01
      2459  1.207805E+00  1.539192E+00 -7.320652E-01
      2460  8.229255E-01  1.425751E+00 -5.109400E-01
      2461  7.380114E-01  7.247295E-01 -1.168680E+00
      2462  6.697879E-01  1.008254E+00 -8.128147E-01
      2463 -4.429449E-01 -5.462929E-01 -5.974938E-01
      2464 -1.871400E-01  1.317232E-01 -6.959794E-01
      2465 -8.394824E-02 -2.703558E-01  6.140981E-03
      2466  0.000000E+00  0.000000E+00  0.000000E+00
      2467  6.530241E-01  1.278862E+00  1.874936E-01
      2468  7.280911E-01  5.271256E-01  2.007485E-01
      2469  6.101545E-01  1.524510E+00 -1.169636E+00
      2470  6.473838E-01  1.112408E-01 -1.979067E-01
      2471 -5.494177E-01 -7.887160E-01 -8.912463E-01
      2481 -1.954671E+00 -4.077760E+00 -2.699677E+00
      2482 -1.984869E+00 -5.588932E+00 -1.222929E+00
      2483 -1.112997E+00 -6.494524E-01 -7.649433E-01
      3068 -4.088328E-01  3.183955E-01  1.766289E-01
      3069 -5.698245E-01 -1.031770E+00 -3.757538E-01
      3070 -8.545882E-01 -9.560627E-01 -4.875917E-01
      3071  0.000000E+00  0.000000E+00  0.000000E+00
      3072  0.000000E+00  0.000000E+00  0.000000E+00
      3073 -1.288552E-01  6.399450E-01 -8.494243E-01
      3074  5.049491E-01  5.402966E-01 -5.245900E-01
      3075  3.694800E-01  1.460741E+00 -8.252204E-01
      3076 -5.099900E-01 -1.191112E+00 -1.933963E+00
      3077  7.008485E-01 -1.279710E+00  9.840999E-01
      3078  3.211199E-01  1.376206E+00  3.201280E-01
      3079  1.668765E+00  4.339177E+00 -9.237514E-01
      3080  1.355929E+00  1.225545E+00  6.062585E-02
      3177 -2.746571E-01  5.484373E-01 -9.543978E-01
      3178 -5.753326E-01  1.787861E+00 -2.176754E+00
      3179 -4.970182E-01  7.594886E-01 -5.352428E-01
      3180 -4.131680E-01  5.128587E-01 -5.460486E-01
      3181 -8.719078E-01  3.889317E-01  5.065899E-01
      3182 -1.151988E+00  7.978975E-01  1.097738E-01
      3410 -6.600050E-01  2.002309E+00  5.974927E-01
      3465 -6.666829E-01  5.411004E+00  2.307834E+00
      3466  2.194763E+00  6.513416E+00  2.748405E+00
      3468  9.949412E+00  1.666438E+01  5.065420E+00
      3470  3.361567E-01  1.878684E+00 -2.175086E-01
      3472 -1.340538E-01  1.697194E+00  4.894484E-01
      3484 -1.935367E-01  7.772802E+00  1.434563E+00
      3487 -3.920156E-01  1.711896E-01  3.340654E-02
      3531  4.491592E+00  1.628720E+01  3.926570E+00
      3546 -2.367628E+00  7.058931E+00 -8.513883E-01
      3547 -4.248832E+00  9.573428E+00 -2.770632E+00
      3548 -6.907817E+00  8.489923E+00  4.385007E-01
      3551 -4.534889E+00  8.736665E+00  9.783827E-02
      3553 -9.042934E-01  1.978355E+00 -2.630436E-01
      3554 -1.281343E+00  2.341194E+00 -4.217761E-01
      3555 -5.384187E-01  7.982406E-01 -2.465012E-01
      3565 -3.928128E+00  2.809956E+00  2.595764E+00
      3568 -4.209379E+00  7.998647E+00 -1.334474E+00
      3584 -1.945012E-01  5.655244E-01 -1.042568E+00
      3585 -1.863451E-01  4.922564E-02 -1.014187E+00
      3599 -1.292047E+00  1.382292E+00 -3.726585E-01
      3600 -2.353126E+00  5.989247E+00 -9.407850E-01
      3601 -8.143295E-01  1.129400E+00 -1.674162E-02
      3602 -5.861908E-01 -1.197845E-01 -8.772785E-01
      3603 -1.665384E+00  1.990210E+00 -6.774049E-01
      3604  0.000000E+00  0.000000E+00  0.000000E+00
      3605  4.070820E-01 -7.263087E-01  2.342915E-01
      3606  9.651202E-01 -3.643529E-01  7.036161E-02
      3607  6.408956E-01 -5.731455E-01 -5.277422E-01
      3608  2.488385E-01  1.891837E-02 -5.112169E-01
      3609  3.051072E-01 -6.715022E-01 -6.275015E-01
      3610  3.296910E-01  6.764098E-01 -6.945706E-01
      3611  2.095977E-01 -3.720576E-01 -9.096922E-01
      3612 -6.971842E-02  3.123054E-01 -1.076647E+00
      3613 -6.997150E-01  6.895934E-01 -5.309770E-01
      3614  2.606089E-01  5.029377E+00  6.863657E-01
      3615  3.117748E-01  2.208698E+00  8.588287E-01
      3616 -1.028402E+00  1.354424E+00 -3.354651E-01
      3617 -1.031666E+00  1.681131E+00 -4.448297E-01
      3618 -1.773033E+00  2.085649E+00 -2.389792E-01
      3619 -1.405197E+00  1.722235E+00 -2.773475E-01
      3620 -4.837681E+00  5.601326E+00  4.191861E-01
      3621  0.000000E+00  0.000000E+00  0.000000E+00
      3622 -5.930847E-01  1.211482E+00  4.882000E-01
      3623  0.000000E+00  0.000000E+00  0.000000E+00
      3624  1.000738E+00 -6.223935E-01 -8.647391E-01
      3625  1.439367E+00  6.611010E-02  1.152484E+00
      3626  4.089634E-01 -4.020135E-01 -1.935787E-01
      3627  8.742744E-01 -1.537950E+00 -7.704263E-01
      3629 -3.001237E+00 -1.619802E+01  3.961987E+00
      3630 -4.115283E+00 -2.083423E+01  6.643691E+00
      3631  4.757556E+00 -2.946814E+01  6.388450E+00
      3632  8.684814E-01 -4.619144E+00  2.121334E+00
      3633  9.604664E-01 -2.003134E+00  1.546315E+00
      3638  5.119017E-01 -1.851269E+00  1.551842E+00
      3639  0.000000E+00  0.000000E+00  0.000000E+00
      3640  7.417052E-02 -4.413243E-01 -1.939682E-01
      3648 -8.138660E-01 -3.970753E+00  1.805563E+00
      3649 -6.193431E-01 -2.402376E+00  2.126861E+00
      3656 -5.579967E-01 -4.035734E+00  2.915095E+00
      3657  2.808251E-01 -5.220919E+00  2.361343E+00
      3658 -5.407452E-02 -3.794390E+00  1.140666E+00
      3659 -1.027415E+00 -3.735922E+00  1.224752E+00
      3660 -2.327506E-01 -4.390079E+00  1.512412E+00
      3661  0.000000E+00  0.000000E+00  0.000000E+00
      3662  5.516344E-02 -1.073070E+00 -5.969913E-02
      3663 -4.949857E-01 -1.794448E+00  9.815424E-01
      3664 -1.108607E-01 -3.875845E+00  9.112469E-01
      3665 -2.137057E-01 -1.962953E+00  7.310311E-01
      3666  5.479629E-01 -6.617559E+00  9.637669E-02
      3669 -5.015099E-01 -2.196973E+00  1.222075E+00
      3670 -4.174268E-01 -2.408909E+00  9.910909E-01
      3671 -1.621163E-01 -1.161731E+00  4.413592E-01
      3672 -6.657657E-02 -6.103307E+00  6.356967E-01
      3675 -2.163362E-01 -3.308387E+00  1.699707E+00
      3694 -1.225194E+00 -1.356535E+00 -4.560298E-02
      3695 -8.294231E-01 -1.239595E+00 -2.460091E-01
      3696 -1.010907E+00 -1.201999E+00 -6.916938E-02
      3701  1.403297E+00 -3.033949E+00 -1.169149E+00
      3705  1.922025E-01 -1.098518E+00 -4.104886E-01
      3706  8.062865E-01 -1.459721E+00 -6.439119E-01
      3707  9.514364E-01 -1.331973E+00 -8.585418E-01
      3708 -1.441938E+00  2.782163E+00 -1.166644E+00
      3709 -1.294544E+00  1.645003E+00 -4.026749E-01
      3719 -9.879592E-01 -2.140978E+00  7.018615E-02
      3720 -1.428801E+00 -4.188120E+00  9.181082E-02
      3724 -1.178230E+00 -1.569805E+00 -3.987303E-01
      3725  0.000000E+00  0.000000E+00  0.000000E+00
      3726  0.000000E+00  0.000000E+00  0.000000E+00
      3727 -1.318653E+00 -1.236489E+00  1.606706E-01
      3766  2.074336E+00  1.996518E+01  4.770625E+00
      3767  1.236416E+00  1.360779E+01  2.715231E+00
      3768  7.390373E-01  3.306090E+00  1.370185E+00
      3769 -1.413711E-01  2.265454E+00  1.416109E+00
      3770  3.179911E-01  1.045981E+00  7.015359E-01
      3771  3.907638E-01  1.015347E+00  7.548760E-01
      3772  7.504257E-02  1.328844E+00  6.572569E-01
      3773  3.090855E-01  1.108009E+00  3.904943E-01
      3774  3.140855E-01  1.664071E+00  5.647206E-01
      3775  4.175605E-01  2.311441E+00  3.977163E-01
      3776  4.882286E-01  7.543154E+00  1.569404E+00
      3777  4.361904E-01  2.620834E+00  8.011681E-01
      3778  6.803258E-01  6.421655E+00  1.056140E-01
      3779  2.343578E-01  1.431747E+00  2.597153E-01
      3780  1.092288E-01  6.163343E+00 -1.363097E-01
      3808  4.473446E-01  1.859135E+00  1.372113E+00
      3809  2.233272E-01  7.524451E-01  4.076817E-01
      3830  6.559271E+00 -1.918994E+01  5.448181E+00
      3831  2.943876E+00 -8.932244E+00  2.244847E+00
      3832  9.162670E-01 -2.786431E+00  1.473725E+00
      3845  0.000000E+00  0.000000E+00  0.000000E+00
      3846  0.000000E+00  0.000000E+00  0.000000E+00
      3847  0.000000E+00  0.000000E+00  0.000000E+00
      3848 -1.058276E+00  2.293079E+00  9.326663E-01
      3849  4.663227E-01 -1.284258E+00  5.494132E-01
      3850 -7.729455E-01  1.344654E+00  3.585974E-01
      3876 -6.880687E-01  1.041835E+00 -8.887012E-01
      3877 -1.355643E+00  2.716184E+00 -2.070351E+00
      3878 -7.866152E-01  1.463714E+00 -4.811667E-01
      3883  2.080698E-01 -3.971086E-01 -1.067107E+00
      3884  3.284481E-01 -3.510778E-01 -2.494321E+00
      3888 -1.384976E-02 -9.639948E+00  1.505175E+00
      3917 -4.996405E-01  3.227936E+00  9.174220E-01
      3918 -7.117278E-01  4.264314E+00  1.133124E+00
      3919  3.170170E-01  1.161020E+00  9.803528E-01
      3923  1.734422E+00  2.043114E+00 -3.497765E-01
      3924  1.380607E+00  1.915266E+00 -3.877927E-01
      3932 -4.182175E-01  2.785969E+00  1.404763E+00
      3933 -2.314927E-01  9.905347E-01  5.451762E-01
      3934 -4.091622E-01  6.111177E-02  6.073193E-01
      3969 -2.706447E-01  2.264830E+00  4.625051E-01
      3970 -6.480143E-01  4.640377E+00  6.493557E-01
      3973  5.231950E-01  1.989831E+00  9.962020E-01
      3974 -8.291469E-01  4.253355E+00  2.015712E+00
      3975  4.854754E-02  2.629893E+00  1.080939E+00
      3977 -2.957160E+00  9.174287E+00  1.479844E+00
      3978  7.371341E-01  2.642401E+01  6.328307E+00
      3979  4.609599E-01  1.796795E+00  1.138687E+00
      3980 -7.801911E-03  4.205216E+00  1.329936E+00
      3981  4.977529E-02  3.214252E+00  1.003743E+00
      3982 -8.237107E-01  4.215913E+00 -7.434964E-02
      3983  4.359053E-01  4.254369E+00  1.144491E+00
      3993 -1.192676E-02  4.388017E+00  5.490317E-01
      4046 -2.999905E-02 -8.936471E-01 -6.740679E-01
      4047  3.128825E-01  7.712892E-01 -2.477167E+00
      4057  1.131800E+00  1.957227E+00 -5.128304E-01
      4058  1.664036E+00  3.454866E+00 -2.192115E-01
      4063  1.750901E+00  3.166191E+00 -1.148543E+00
      5160  2.035332E-01 -5.946815E-01 -7.766759E-01
      5161 -3.370675E-02 -1.702824E-01 -3.227314E-01
      5162 -1.097582E-01 -1.042190E-01 -9.475286E-01
      5163 -8.900722E-01 -2.170778E+00 -8.395702E-01
      5164 -8.072186E-01 -1.861647E+00 -1.544188E+00
      5167  1.765806E+00  3.549718E+00 -2.969674E-01
      5170  1.565446E+00  3.154044E+00 -3.196696E-03
      5483 -2.488830E+00  2.014415E+01  1.814864E+00
      5484 -8.023410E-02  6.035109E+00  8.693176E-01
      5485  2.834347E-01  2.446703E+00  8.925001E-01
      5486 -1.075960E+00  4.871506E+00 -5.761726E-01
      5487 -3.346166E-01  2.862510E+00  5.216633E-01
      5488 -3.013861E-01  9.553280E-01  4.243144E-01
      5493  3.517240E-01  5.173446E-01 -2.202164E-01
      5503  2.896011E+00 -1.029440E+01  1.911300E+00
      5509 -5.964032E-01 -2.075999E+00  3.705448E+00
      5524  1.247694E-01  1.181571E+00  7.848406E-01
      5525 -1.689499E-01  7.348556E-01  1.054018E+00
      5612  4.897812E+00  1.304751E+01  3.898690E+00
      5615 -1.794090E-01 -1.768470E-01 -2.865298E-01
      5616  0.000000E+00  0.000000E+00  0.000000E+00
      5620 -1.150896E+00  5.411663E+00  2.304320E+00
      5621 -3.481706E+00  2.237103E+01  5.394415E+00
      5622 -1.036939E+00  1.711348E+01  3.631080E+00
      5623 -2.193409E+00  1.160320E+01  2.013910E+00
      5635 -2.236302E+00  5.262724E+00 -3.109163E-02
      5636 -2.198367E+00  5.430436E+00 -1.317133E+00
      5638 -1.903900E+00  4.291728E+00  2.445811E-02
      5701  3.987609E+00  7.581785E+00  1.413726E-01
      5702  1.569482E+00  2.799703E+00 -5.612149E-01
      5776  1.656792E-01  6.471377E-01 -4.154952E-01
      5777  6.860571E-01  3.656701E+00 -3.472006E+00
      5778 -2.029448E-02  2.766933E+00  4.164003E-01
      6003  1.465769E+00 -3.368458E+00 -3.081193E-01
      6004  1.731975E+00 -3.211490E+00 -4.438858E-01
      6039  6.569953E-02  4.907023E-02 -2.301283E-03
      6048 -2.482201E+00 -3.040897E+00  5.314588E-01
      6075 -1.830217E-01  1.873568E+00  6.465736E-01
      6076  0.000000E+00  0.000000E+00  0.000000E+00
      6157  1.729099E-01 -2.881971E+00  7.706748E-01
      6158 -1.190737E-01 -2.937034E+00  1.466874E+00
      6160 -5.645108E+00 -1.165149E+01  3.988740E+00
      6161 -1.079705E+00 -7.825806E+00  3.260492E+00
      6162 -1.662636E-01 -2.308992E+00  2.537860E+00
      6163 -2.946279E-01 -1.785892E+00  1.442673E+00
      6165 -8.856451E-01 -7.112538E+00  1.581741E+00
      6176  9.767548E-01 -9.041576E+00  2.995041E+00
      6181 -3.279478E+00 -1.116755E+00  8.922159E-01
      6182 -5.689900E-02 -1.350267E+00  5.882301E-01
      6192  1.053747E+00 -3.762711E+00  5.551288E-01
      6194 -1.077050E-02 -1.646579E+00  9.667671E-01
      6195  4.100948E-01 -3.462005E+00  8.219147E-01
      6196  3.895186E-01 -2.086285E+00  6.315599E-01
      6199 -1.099175E-01 -2.791984E+00 -2.853807E-01
      6200  3.294923E-01 -2.723108E+00  4.835291E-01
      6202  1.073975E+00 -8.089500E+00  1.498340E+00
      6239 -2.388285E-01  2.269740E-01 -1.985392E-02
      6240 -1.119343E+00 -1.880333E+00  1.227813E+00
      6241 -2.513993E-01 -1.926471E+00  7.440811E-01
      6245 -3.371634E-01 -4.308255E+00  9.505842E-01
      6246  9.898900E-01 -6.097074E+00  8.340969E-01
      6254  4.223120E-01 -2.380848E+00  1.111202E+00
      6255  2.528914E-01 -1.774343E+00  1.087162E+00
      6256  7.733594E-02 -1.175655E+00  6.069904E-01
      6257  1.765991E-01 -3.296277E+00  1.683499E+00
      6258  5.095852E-01 -1.100554E+00  1.081962E+00
      6259  1.986957E-01 -3.087153E+00  1.015814E+00
      6260  5.425856E+00 -1.056883E+01  3.036692E+00
      6261  9.853065E-01 -2.529966E+00  1.888009E+00
      6377  1.241113E+00  3.990739E+00 -1.762641E+00
      6378  1.570231E+00  4.138452E+00 -1.467351E+00
      6379  3.421779E-01  1.047322E+00 -4.678569E-01
      6400 -3.271950E+00  8.038744E+00  8.206336E-02
      6401  0.000000E+00  0.000000E+00  0.000000E+00
      6402 -3.404566E-01  4.810036E-01  3.549499E-01
      6403  8.183842E-02 -1.158505E-01 -3.185415E-02
      6404  2.733005E+00 -6.605699E+00 -2.581783E+00
      6405  3.054200E+00 -1.476919E+01 -1.713570E+00
      6407  1.090974E+00  4.507174E-01  1.592892E+00
      6420 -1.340188E+00 -2.083982E-01 -3.063796E-02
      6421 -3.490391E+00 -6.756612E+00 -1.383490E+00
      6422 -2.647425E+00 -9.241474E+00 -3.252070E+00
      6423 -1.294787E+00 -8.270211E-01  4.803791E-01
      6428 -1.107291E+00  1.164440E+00 -1.613107E-01
      6433 -7.479098E-01 -1.316069E+00  4.699573E-01
      6435  1.553358E+00  1.811021E+00 -4.078011E-01
      6436 -6.985618E-01 -9.768486E-01 -2.611113E-01
      6437  3.032569E-01  7.479624E-01  5.029463E-01
      6438  0.000000E+00  0.000000E+00  0.000000E+00
      6439 -5.488050E-01 -9.787776E-01 -8.152371E-01
      6721 -1.196755E-01 -2.480547E+00  1.512096E+00
      6744 -1.376001E+00 -5.029719E+00  2.346439E-01
      6745  0.000000E+00  0.000000E+00  0.000000E+00
      6749  3.279352E-01 -4.319018E+00  1.184413E+00
      6788 -8.005003E-01 -3.019576E+00 -1.875277E-01
      6789 -5.162200E-02 -3.133164E-01 -7.250644E-01
      6790 -2.602096E-03 -7.307619E-01  6.022829E-01
      6791  1.725486E-01 -2.531129E+00  1.269846E+00
      6792  6.456958E-01 -3.515837E+00  7.783078E-01
      6793 -4.163550E-01 -9.497241E+00  2.471459E+00
      6795 -6.356595E+00 -2.412956E+01  4.454065E+00
      6798 -2.404494E+00 -8.041852E+00  1.834094E+00
      6799  9.067248E-02 -3.309452E+00  1.084819E+00
      6800  1.459219E+00 -1.056179E+01  1.853834E+00
      6801  3.552788E-02 -1.986068E+00  9.220404E-01
      6803  3.067763E-01 -7.534441E+00  2.117759E-01
      6804 -3.341813E-01 -6.892934E+00  6.997266E-01
      6819  7.973884E-01 -4.653259E+00  5.878396E-01
      6825  1.117585E-02 -3.106357E+00  1.028017E+00
      6827 -6.279329E-01 -8.517050E-01 -3.054047E-01
      6828 -6.495291E-01 -1.713595E+00 -2.398299E-01
      6830 -6.878377E-01  3.070041E+00  4.654241E-01
      6841  1.405823E-01 -7.147319E-02 -1.763996E-01
      6842  1.863301E+00 -6.156165E+00 -2.597368E+00
      6865 -1.377876E+00  3.700081E+00 -1.267773E+00
      6866 -2.464054E+00  7.768506E+00 -3.606224E+00
      6880  1.404800E+00 -1.046531E+00  7.659150E-02
      6881 -7.527674E-01  2.177065E+00 -7.389240E-01
      6882 -1.881980E-01 -4.954038E-01 -1.138194E+00
      6883  3.186316E-01  1.269950E+00 -1.009128E+00
      6884 -3.213715E-01 -1.238715E+00 -2.499460E+00
      6916  2.956765E-01 -5.762649E-01  1.695925E-01
      6917  9.221643E-01 -3.362229E-01 -4.126921E-01
      6918 -4.632667E-01 -8.780732E-01 -1.561818E+00
      6930  0.000000E+00  0.000000E+00  0.000000E+00
      6940  2.857460E+00 -4.307661E+00 -7.853092E-01
      6941  7.061481E-01 -4.708154E-01 -1.959596E-01
      6944 -2.310159E+00 -3.761106E+00 -6.791629E-01
      6945 -8.627668E-01 -1.349538E-01 -4.893028E-01
      6946 -2.976510E+00 -5.829177E+00 -1.013168E+00
      6965  6.580770E+00 -7.382621E+00  2.097446E+00
      6988 -1.485951E+00  2.341337E-01  1.189604E-01
      6993  0.000000E+00  0.000000E+00  0.000000E+00
      6994  0.000000E+00  0.000000E+00  0.000000E+00
      6999 -4.180587E-01 -3.070890E-01 -1.243893E-01
      7025  1.603756E+00  3.243994E+00 -1.966358E+00
      7145  3.833342E-02 -4.112909E-02 -8.159946E-01
      7155  3.085448E-02 -7.807597E-02 -1.353320E+00
      7183 -1.518417E-01 -4.278764E-01 -4.499596E-01
      7184 -3.818072E-01 -6.000143E-01 -3.982329E-01
      7185  3.663424E-01  3.655262E-01 -2.276027E-01
      7186 -6.312698E-01 -1.823978E+00  6.675206E-01
      7250  1.080645E+00 -5.333941E+00 -2.232027E+00
      7251  5.817983E+00 -6.070732E+00 -1.039247E+00
      7256 -1.488761E+00 -3.193515E+00 -4.788632E+00
      7265 -3.915033E-01 -2.260065E+00  7.787387E-01
      7266 -7.528294E-01 -1.595063E+00  1.976844E-01
      7267 -4.114548E-01 -4.318624E+00 -1.524922E-01
      7268 -3.870323E-02 -1.427605E+00  2.087800E-01
      7269  0.000000E+00  0.000000E+00  0.000000E+00
      7282  5.534086E-01 -1.252931E+00  1.148567E+00
      7288 -3.218675E-01 -3.926706E-01 -2.134211E-01
      7953 -1.959894E-01  2.084827E+00 -3.287581E-01
      7974  3.391406E+00  6.003682E+00 -4.391615E-01
      7975  1.881426E+00  2.112105E+00  5.086544E-01
      7983  2.367719E-01 -4.332834E-01 -5.230071E-01
      7984  2.931808E-03 -3.724931E-01 -1.074732E+00
      7985  4.314455E-01 -1.049853E+00  5.513936E-01
      7993 -3.797071E+00 -6.358811E+00  1.289320E+00
      7996 -1.029435E+00 -7.552376E-01  2.625264E-01
      7997 -1.851867E+00 -1.604352E+00  8.508004E-02
      8063 -3.750609E+00 -7.078236E+00  7.890478E-02
      8072  1.091898E+00  1.232417E+00 -3.938187E-01
      8073  9.151160E-01 -3.006048E+00 -1.633141E+00
      8078  9.434351E-01 -2.066057E+00  9.388194E-01
      8079 -3.027433E-01 -3.707402E+00  9.933044E-01
      8092  6.750442E-01 -4.670080E+00  2.459987E+00
      8099 -7.590376E-01 -2.260305E-01  1.827588E-01
      8236  4.982848E-01  4.041300E+00  1.897706E-01
      8237 -1.341818E+00  3.775312E+00  5.929676E-01
      8731  1.155738E+00  3.591790E+00 -5.465373E+00
      8897 -1.608137E+00  4.377313E+00 -4.568680E-02
      8927  9.512804E-01  2.731568E+01  6.707861E+00
      8928 -1.124191E-01  2.801137E+00  1.214881E+00
      9013 -2.638853E-01  2.601220E+00  4.230042E-01
      9014 -6.836985E-01  2.101325E+00  7.274527E-01
      9015 -2.908781E-01  3.093979E+00  1.265709E+00
      9017 -2.629883E-01  3.443493E+00  1.199082E+00
      9018  7.750132E-02  1.975147E+00  8.007018E-01
      9019 -1.124705E+00  4.688219E+00  6.942070E-01
      9041 -6.881121E+00  1.332038E+01  4.385838E+00
      9043 -3.608963E+00  1.276791E+01  4.987971E+00
      9081 -4.614603E-02  6.040376E+00  9.623281E-01
      9127 -3.115524E-01  2.749682E+00  1.053069E+00
      9128 -1.256177E+00  1.132504E+01  1.614253E+00
      9138 -1.023228E+00 -3.806753E-01 -4.990947E-01
      9139  0.000000E+00  0.000000E+00  0.000000E+00
      9140  0.000000E+00  0.000000E+00  0.000000E+00
      9141 -3.739611E-01 -3.602454E+00  1.024552E+00
      9146  2.509991E-01 -1.053676E-01 -3.137931E-01
      9172 -1.480552E-01  4.494589E+00  5.070172E-01
      9199  2.206205E+00  5.246101E+00 -1.416296E+00
      9205  3.034863E-03 -1.566955E-01 -1.552077E-01
      9215 -7.280213E-01  3.644811E+00  1.412884E-02
      9278  6.331769E-03  1.024513E-02 -1.536273E-02
      9279  0.000000E+00  0.000000E+00  0.000000E+00
      9280  6.945837E-01  2.053702E+00 -1.722969E-01
      9309  1.657711E+00 -4.403949E+00 -2.159630E-01
      9333 -9.803976E-02  7.571456E+00  3.578967E-01
      9337  5.512017E-01 -1.702752E+00 -6.145139E-01
      9338  6.513998E-01 -4.388647E+00  1.756186E+00
      9417  6.542407E-01  2.600729E-02 -3.270580E-01
      9418 -2.264432E-02 -2.810526E-02 -1.489633E-02
      9419  0.000000E+00  0.000000E+00  0.000000E+00
      9420  0.000000E+00  0.000000E+00  0.000000E+00
      9422 -5.238690E-01  1.869886E+00  1.027756E+00
      9437  9.012860E-01 -3.672577E+00 -7.800698E-01
      9453 -2.466734E+00 -3.649659E+00  6.118252E-01
      9454  0.000000E+00  0.000000E+00  0.000000E+00
      9455 -5.718567E-01 -6.676004E+00 -9.174686E-01
      9460  9.591887E-01 -8.450374E+00 -2.053026E+00
      9461  5.228465E+00 -5.412334E+00  1.359285E+00
      9462  6.266368E-01 -5.680950E-01 -1.313775E-01
      9463  3.346057E-01 -2.236153E+00 -7.280362E-01
      9464  4.320529E-01 -2.404468E+00 -4.818416E-01
      9485  2.225446E-01  5.242747E-01  2.878030E-01
      9486  0.000000E+00  0.000000E+00  0.000000E+00
      9487  3.424734E-01 -1.860179E-01 -6.318651E-01
      9488  0.000000E+00  0.000000E+00  0.000000E+00
      9489  1.344056E+00 -5.057555E+00  4.856278E-01
      9490  1.006532E-01 -9.634799E-02 -1.515202E-01
      9491  2.995749E-01 -9.443658E-01  1.562568E-01
      9495  6.728355E-01 -1.716944E+00  6.775253E-02
      9534  0.000000E+00  0.000000E+00  0.000000E+00
      9638  2.018087E-01 -2.111523E-01  8.954517E-02
      9661  0.000000E+00  0.000000E+00  0.000000E+00
      9662  4.101639E-01  1.751904E-01  1.293827E-01
      9663 -1.818741E+00 -3.544337E+00 -2.454377E+00
      9666 -7.754270E-01 -3.214387E+00 -3.075471E-01
      9667 -7.556470E-01 -1.802134E+00 -7.351184E-01
      9669 -8.688093E-01 -3.172800E-01 -5.079774E-01
      9670 -5.313135E-01 -3.594655E+00 -1.463568E-01
      9671 -6.492438E-01 -1.333818E+00 -5.762571E-01
      9736  1.612362E-01  1.346221E+01  1.657457E+00
      9743 -2.468100E-01 -1.695336E-01 -1.780214E-01
      9780 -8.728801E-01 -3.211691E+00  4.156788E-01
      9793  0.000000E+00  0.000000E+00  0.000000E+00
     10048 -9.124278E-01 -2.102730E+00  1.283897E+00
     10073 -6.641811E-02 -1.343357E-01 -1.338750E+00
     10100  4.106066E-01 -2.380170E+00 -2.084882E-03
     10161 -9.442615E-01 -2.837535E+00  5.329599E-01
     10162 -1.496434E-01 -1.120760E+00  6.748836E-01
     10169  2.140359E+00  9.663707E+00  2.303837E+00
     10194 -7.305495E-02  1.899666E+00 -3.097345E+00
     10228 -1.385570E-01 -1.182573E+01  4.050495E+00
     10231  7.545558E-01 -4.981381E-01 -1.992365E-01
     10260  0.000000E+00  0.000000E+00  0.000000E+00
     10454  3.199208E+00 -5.695903E+00 -9.340907E-01
     10461  0.000000E+00  0.000000E+00  0.000000E+00
     10514 -8.508328E-01 -1.557215E+00  7.247496E-02
     10515 -3.844163E-01 -7.229100E-01 -2.320319E-01
     10521 -2.920374E-01  4.708840E-01 -4.069766E+00
     10524  0.000000E+00  0.000000E+00  0.000000E+00
     10606  7.225184E-01 -1.122864E+00 -1.944221E+00
     10609  7.105189E-01 -4.168900E+00 -4.127509E+00
     10628 -1.148325E+00 -1.496998E+00  9.240927E-01
     10656 -7.471522E-01 -1.478015E+00  1.645303E+00
     10660 -1.154849E+00 -8.354456E-01  1.105602E+00
     13435  2.998237E-01  8.399125E-01 -4.875810E-01
     13436  3.824491E-01  7.797515E-01 -3.371409E-01
     13437 -7.894982E-01 -1.201332E+00  4.450049E-01
     13438  3.406063E-01  4.458688E-01 -9.735610E-02
     13439 -7.283262E-01 -1.222205E+00 -2.272395E-01
     13440 -8.008429E-01 -1.493155E+00 -3.046369E-01
     13473 -5.403019E-01 -1.264110E+00  3.557033E-03
     13542  1.319664E-01 -1.859844E-01  2.379115E-02
     13543 -1.313319E-01  2.542944E-02 -1.620659E-02
     13546  1.150394E-01 -1.262381E-01 -1.720552E-02
     13547  0.000000E+00  0.000000E+00  0.000000E+00
     13563  5.865839E-01  9.916277E-01  2.150617E-02
     13570 -1.897769E-02  6.396127E-02 -1.716812E-01
     13571  6.856058E-02 -3.279299E-02 -5.965816E-02
     13573 -2.024860E-01  7.605425E-02  2.165898E-02
     13574  0.000000E+00  0.000000E+00  0.000000E+00
     13575  0.000000E+00  0.000000E+00  0.000000E+00
     13576  0.000000E+00  0.000000E+00  0.000000E+00
     13577  0.000000E+00  0.000000E+00  0.000000E+00
     13578  0.000000E+00  0.000000E+00  0.000000E+00
     13579 -1.172692E+00 -2.138137E+00 -4.404525E-01
     13588 -4.101766E-01 -8.268397E-01  1.072092E-01
     13590 -7.483094E-01 -1.544300E+00 -7.137720E-01
     13600 -3.700458E-02 -2.418666E-01 -5.047957E-01
     13601  1.099589E-01 -2.952028E-01 -4.111687E-01
     13602  0.000000E+00  0.000000E+00  0.000000E+00
     13603 -1.270152E-02 -3.285108E-01 -2.031229E-01
     13607  0.000000E+00  0.000000E+00  0.000000E+00
     13630  0.000000E+00  0.000000E+00  0.000000E+00
     13631 -1.296435E-01 -3.919533E-01  3.109743E-02
     13678  0.000000E+00  0.000000E+00  0.000000E+00
     13684  0.000000E+00  0.000000E+00  0.000000E+00
     13685 -3.284947E-01  9.248725E-01  4.485603E-01
     13697  0.000000E+00  0.000000E+00  0.000000E+00
     13698  0.000000E+00  0.000000E+00  0.000000E+00
     13699  6.767640E-02  2.536186E-01 -1.256939E-03
     13700  0.000000E+00  0.000000E+00  0.000000E+00
     13737 -1.923453E+00  2.237279E+00 -3.462955E-01
     13739  0.000000E+00  0.000000E+00  0.000000E+00
     13771  0.000000E+00  0.000000E+00  0.000000E+00
     13772 -1.594271E-01  7.930129E-02  1.012240E-01
     13782 -8.057980E-02  1.042460E-01 -5.282963E-02
     14300  0.000000E+00  0.000000E+00  0.000000E+00
     14301  0.000000E+00  0.000000E+00  0.000000E+00
     14307 -3.672940E-01  1.374687E-01 -3.361001E-02
     14362  4.768351E-01 -9.774532E-01  1.963524E-01
     14363  6.963658E-01 -1.547226E+00 -5.451020E-02
     14364  0.000000E+00  0.000000E+00  0.000000E+00
     14365 -1.870152E-01  1.519882E-01  3.551872E-02
     14378  2.454847E+00 -4.415448E+00 -1.812494E+00
     14379  3.402398E-01  1.390559E-01  1.380895E-01
     14380 -9.583967E-01  6.113235E-01  1.288213E-01
     14381  4.705033E-01 -4.256527E-01  1.259679E-02
     14382  2.230752E-01 -1.165221E-02 -1.995091E-01
     14383  3.050619E-01 -5.878335E-01 -2.942452E-01
     14479  3.676949E-01  9.040697E-02  1.027481E-01
     14644  1.270872E-01 -3.752050E-01  2.030378E-01
     14647 -5.837913E-01 -2.134207E+00 -1.181414E-01
     14648 -2.960016E-02 -5.632122E-02  1.714506E-01
     14654  0.000000E+00  0.000000E+00  0.000000E+00
     14694 -2.090725E-02 -7.091462E-02  2.215148E-02
     14702 -4.688300E-02  1.147527E-02  3.106975E-02
     14768  0.000000E+00  0.000000E+00  0.000000E+00
     14781  2.061656E-01 -1.447642E-01 -1.166855E-01
     14782  0.000000E+00  0.000000E+00  0.000000E+00
     14788  0.000000E+00  0.000000E+00  0.000000E+00
     14789 -2.906291E-03  5.229986E-03  4.229964E-03
     14790  1.020404E-02 -1.510676E-01 -9.493160E-02
     14795 -6.693498E+00 -8.840632E+00  1.522953E+00
     14800 -4.297944E+00 -7.676591E+00  3.974072E+00
     14802 -2.969029E+00 -4.783637E+00  4.115283E-01
     14805 -1.573268E+00 -1.108584E+00  6.058659E-01
     14814  5.828366E-01 -6.671505E-01  2.118050E-02
     14876  6.611396E-01 -1.163600E+00  7.424630E-01
     14877  1.056326E+00 -1.063921E+00  7.953646E-01
     14878  5.377738E-01 -7.832084E-01  1.196176E+00
     14880  3.990686E-02 -4.120000E+00  4.444447E-01
     14882  6.181348E-01 -2.528831E+00  4.329890E-01
     14883  1.133984E+00 -2.981063E+00  7.980658E-02
     14885  1.192295E+00 -1.029225E+00  3.676832E-01
     14886  9.423812E-01 -1.542431E+00  4.499715E-01
     14887  8.658825E-01 -7.892368E-01  2.170287E-01
     14889  3.288497E+00 -4.135688E+00  7.576129E-02
     14907  4.144432E+00 -5.295274E+00  1.315951E+00
     14908  5.547579E+00 -6.767032E+00  1.868568E+00
     14928 -3.410633E-03 -6.754423E-01  1.115507E+00
     14929 -7.538632E-01  2.349598E+00 -1.981055E+00
     14955  3.242423E-01 -3.496961E+00  5.695070E+00
     14959 -4.398293E-01 -9.174887E+00  5.703544E-01
     14968 -4.558175E-02 -1.515415E+01  1.858833E+00
     14981  1.353505E-01 -7.996446E+00  7.907051E-01
     14982 -1.331836E+00 -5.806916E+00  2.174010E+00
     14983  1.918379E+00 -1.070388E+01 -2.642181E+00
     14985 -1.420405E+00 -2.426069E+01  2.452639E+00
     14986  7.553768E-01 -2.976108E+00  2.269289E+00
     14987 -1.602901E-01 -1.595113E+00  7.752361E-01
     14989  0.000000E+00  0.000000E+00  0.000000E+00
     14990  0.000000E+00  0.000000E+00  0.000000E+00
     14991  1.634198E-01 -4.623357E+00  1.369293E+00
     14992  0.000000E+00  0.000000E+00  0.000000E+00
     14993 -2.022806E-01  2.206699E-01  5.837195E-01
     14994  2.546698E-01 -2.036044E+00 -1.745320E-01
     14995  5.351497E-03  1.099979E-03  5.486198E-02
     15668  0.000000E+00  0.000000E+00  0.000000E+00
