
                        S T E P       1


                                INCREMENT     1


 forces (fx,fy,fz) for set NPROX and time  0.1000000E+01

      1292  4.054120E-01  6.800416E-01 -9.013837E-01
      1293  8.604904E-01  2.566909E+00 -1.649315E+00
      1406  6.031964E-01  6.314360E+00  2.463579E+00
      1408 -3.090427E+00  7.724296E+00  3.518102E+00
      1418 -1.849437E+00  2.422363E+00  1.524829E-01
      1419 -1.852430E+00  2.062980E+00 -1.016011E-01
      1420 -4.891303E+00  8.727104E+00  2.220973E-01
      1524 -1.626630E+00  3.864650E+00 -1.335893E+00
      1525 -9.340413E-01  2.125895E+00 -4.695832E-01
      1526 -3.498565E-01  8.615340E-01 -8.748461E-01
      1527 -6.144313E-02  1.220927E-01 -1.784559E-01
      1528 -7.456476E-02  7.927835E-02 -7.580105E-01
      1556  4.005578E-01  7.993156E+00  9.448503E-01
      1557 -6.230067E-02  8.710919E+00  4.301282E-01
      1558  2.693019E-01  3.041969E+00  9.483155E-01
      1559  5.594867E-01  1.400401E+00  9.712720E-01
      1560 -6.251216E-01  4.521479E+00  9.065063E-01
      1561 -8.600178E-02  4.869047E+00  2.250050E+00
      1562  2.252497E+00  8.156778E+00  1.832913E+00
      1566  7.518300E-01  8.673067E+00  8.173436E-01
      1620 -1.277734E+00  3.138044E+00 -2.425622E+00
      1624  1.257064E+00  1.786348E+00  1.244989E-01
      1625  9.246642E-01  2.085887E+00  1.036884E-01
      1626  1.331343E+00  3.523532E+00  1.916066E-02
      1628  9.253707E-02 -3.426582E-03 -7.268182E-02
      1629  4.754102E-02 -4.993910E-03  1.630244E-02
      1797 -9.692490E-01 -1.591161E+00 -4.463606E-01
      1798 -1.721409E+00 -2.838029E+00 -1.131073E-01
      1799 -1.658765E+00 -4.270619E+00 -4.443998E-01
      1800  1.683949E+00 -1.257109E+00  1.569268E-01
      1801  2.179460E+00 -2.530072E+00 -8.845779E-02
      1802  1.523179E+00 -8.017928E-01  8.674379E-01
      1810 -9.285779E-01 -4.701795E+00  4.895906E-01
      1819  1.033753E+00 -1.438644E+00 -2.157748E-01
      1820  5.300361E-01 -2.781418E-01 -3.473907E-01
      1821  1.452549E+00 -1.433978E+00 -9.029696E-02
      1830  1.070745E+00  7.420230E+00  1.133169E+00
      1831  6.165599E-01  8.230609E+00  9.113171E-01
      1832 -1.472646E-01  3.747526E+00  9.542164E-01
      1833 -4.371477E-01  7.338135E+00  9.340988E-01
      1861 -2.083404E-01  1.017984E+00  3.421110E-01
      1862  1.356790E+00 -1.849871E+00 -2.585890E-01
      1863  1.108515E+00 -1.335718E+00 -2.091556E-01
      1873  0.000000E+00  0.000000E+00  0.000000E+00
      1874  3.119061E-01  9.384036E-02  8.102510E-02
      1875  0.000000E+00  0.000000E+00  0.000000E+00
      1888  8.791718E-03  1.704941E+00  5.743433E-01
      1889 -4.775566E-01  1.497882E+00  9.734075E-01
      1890  3.196412E-01  2.880989E+00  7.798030E-01
      1891  1.118363E+00  3.779534E+00  1.361453E+00
      1892  1.097389E+00  3.755581E+00 -3.658316E-01
      1893  4.150471E-01  2.278654E+00  8.467728E-01
      1914 -7.801976E-01  1.400774E+00 -9.411120E-02
      1915 -1.627337E+00  2.294740E+00 -4.898642E-03
      1916 -1.457263E+00  1.770665E+00  5.945188E-02
      1948 -1.099812E-01  1.727470E-01 -2.162376E+00
      1949  1.859661E+00  2.116085E+01  3.508934E+00
      1950  1.510385E+00  2.230232E+01  4.193954E+00
      1967  2.003014E+00 -1.988259E+01  8.053313E+00
      1968 -2.158249E+00 -1.605269E+01  3.368123E+00
      1969  2.182828E-01 -4.441896E+00  9.890418E-01
      1970  9.548590E-04  4.905570E-03 -7.985531E-03
      1971 -5.693203E-01 -3.405851E+00  1.352523E+00
      1976  1.615555E-01 -3.371500E+00  5.293862E-01
      1977 -1.527582E-01 -1.573556E+00  1.709410E+00
      1981  3.424260E+00 -2.692505E+01  4.444211E+00
      1982  9.131349E-01 -9.440020E+00  1.437834E+00
      2064 -1.097450E-01  3.227394E+00  1.043046E+00
      2065  4.325903E-01  3.824710E+00  1.681145E+00
      2077  4.615267E+00  7.010834E+00  1.108685E+00
      2078  3.932527E+00  7.214511E+00  3.074832E-01
      2440 -2.919826E-01 -1.033210E+00 -7.633456E-01
      2441 -5.821591E-01 -7.400554E-01 -5.058006E-01
      2442 -4.745419E-01 -6.368335E-01 -8.789156E-01
      2444  1.095320E+00  1.399971E+00 -1.970619E-02
      2445  2.045049E+00  7.031260E+00 -2.248468E+00
      2446  1.100016E+00  7.820869E-01 -6.380858E-01
      2447  3.383742E+00  1.012081E+01 -2.013380E+00
      2448  3.704272E+00  9.296143E+00 -1.140801E+00
      2449  0.000000E+00  0.000000E+00  0.000000E+00
      2450  1.083022E+00  1.174040E+00 -4.571158E-02
      2451 -2.272915E-01 -1.379890E+00 -2.423765E-02
      2452  1.509985E+00  1.320856E+00  5.673498E-01
      2453  3.424436E+00  2.537379E+00  2.618403E+00
      2454  1.099515E+00  1.671788E+00  5.978457E-02
      2455  3.683078E+00  8.588148E+00 -8.329172E-01
      2456  1.160381E+00  1.449444E+00 -2.171472E-01
      2457  1.861673E+00  2.407492E+00 -8.804028E-01
      2458  5.098394E-01  9.687275E-01 -7.279255E-01
      2459  1.210715E+00  1.542878E+00 -7.331464E-01
      2460  8.250960E-01  1.428480E+00 -5.110920E-01
      2461  7.404687E-01  7.271339E-01 -1.172878E+00
      2462  6.709269E-01  1.010795E+00 -8.137979E-01
      2463 -4.438264E-01 -5.448613E-01 -6.001596E-01
      2464 -1.871804E-01  1.345882E-01 -6.988152E-01
      2465 -8.490259E-02 -2.703236E-01  3.005943E-03
      2466  0.000000E+00  0.000000E+00  0.000000E+00
      2467  6.534453E-01  1.278981E+00  1.876790E-01
      2468  7.284782E-01  5.273761E-01  2.005630E-01
      2469  6.134482E-01  1.528048E+00 -1.174554E+00
      2470  6.496881E-01  1.140095E-01 -1.969453E-01
      2471 -5.516166E-01 -7.895771E-01 -8.953097E-01
      2481 -1.965923E+00 -4.073368E+00 -2.724617E+00
      2482 -1.995713E+00 -5.581350E+00 -1.246653E+00
      2483 -1.114677E+00 -6.533837E-01 -7.676236E-01
      3068 -4.083568E-01  3.181315E-01  1.771160E-01
      3069 -5.725692E-01 -1.032855E+00 -3.772975E-01
      3070 -8.554197E-01 -9.579453E-01 -4.877685E-01
      3071  0.000000E+00  0.000000E+00  0.000000E+00
      3072  0.000000E+00  0.000000E+00  0.000000E+00
      3073 -1.285718E-01  6.430913E-01 -8.524696E-01
      3074  5.060696E-01  5.427955E-01 -5.246611E-01
      3075  3.704255E-01  1.463188E+00 -8.266590E-01
      3076 -5.096277E-01 -1.186385E+00 -1.938113E+00
      3077  7.007725E-01 -1.277733E+00  9.824405E-01
      3078  3.215475E-01  1.376387E+00  3.203206E-01
      3079  1.669570E+00  4.340024E+00 -9.227253E-01
      3080  1.356656E+00  1.225876E+00  6.073358E-02
      3177 -2.750588E-01  5.497809E-01 -9.564086E-01
      3178 -5.763203E-01  1.793096E+00 -2.181331E+00
      3179 -4.990731E-01  7.613991E-01 -5.366091E-01
      3180 -4.148438E-01  5.157518E-01 -5.487302E-01
      3181 -8.725086E-01  3.891631E-01  5.066314E-01
      3182 -1.152469E+00  7.977059E-01  1.101021E-01
      3410 -6.602974E-01  2.002243E+00  5.975966E-01
      3465 -6.652362E-01  5.412222E+00  2.313441E+00
      3466  2.196058E+00  6.518911E+00  2.755397E+00
      3468  9.949208E+00  1.665903E+01  5.085698E+00
      3470  3.362161E-01  1.878694E+00 -2.166581E-01
      3472 -1.337304E-01  1.697617E+00  4.896755E-01
      3484 -1.927510E-01  7.771091E+00  1.435078E+00
      3487 -3.919827E-01  1.711647E-01  3.346820E-02
      3531  4.492793E+00  1.627126E+01  3.939622E+00
      3546 -2.380030E+00  7.071210E+00 -8.489954E-01
      3547 -4.280235E+00  9.598660E+00 -2.778809E+00
      3548 -6.914397E+00  8.491510E+00  4.497725E-01
      3551 -4.542106E+00  8.738508E+00  1.071925E-01
      3553 -9.059467E-01  1.977331E+00 -2.603574E-01
      3554 -1.286141E+00  2.342355E+00 -4.199670E-01
      3555 -5.415793E-01  7.998106E-01 -2.466431E-01
      3565 -3.932256E+00  2.813352E+00  2.600353E+00
      3568 -4.224941E+00  8.008970E+00 -1.327718E+00
      3584 -1.948247E-01  5.676021E-01 -1.047277E+00
      3585 -1.883714E-01  5.069392E-02 -1.018573E+00
      3599 -1.292875E+00  1.381753E+00 -3.711725E-01
      3600 -2.359782E+00  5.999089E+00 -9.397839E-01
      3601 -8.154714E-01  1.130388E+00 -1.516995E-02
      3602 -5.875107E-01 -1.180584E-01 -8.794324E-01
      3603 -1.667518E+00  1.992999E+00 -6.765724E-01
      3604  0.000000E+00  0.000000E+00  0.000000E+00
      3605  4.075165E-01 -7.280724E-01  2.357778E-01
      3606  9.649828E-01 -3.666699E-01  7.347836E-02
      3607  6.410504E-01 -5.761154E-01 -5.263722E-01
      3608  2.502711E-01  2.056244E-02 -5.145810E-01
      3609  3.056642E-01 -6.699003E-01 -6.315978E-01
      3610  3.306808E-01  6.776352E-01 -6.974256E-01
      3611  2.095681E-01 -3.691640E-01 -9.148339E-01
      3612 -7.039053E-02  3.154829E-01 -1.082264E+00
      3613 -7.027675E-01  6.934367E-01 -5.326958E-01
      3614  2.608226E-01  5.029473E+00  6.871599E-01
      3615  3.120764E-01  2.208037E+00  8.595574E-01
      3616 -1.030091E+00  1.356086E+00 -3.346554E-01
      3617 -1.034485E+00  1.683228E+00 -4.450846E-01
      3618 -1.774114E+00  2.085703E+00 -2.380953E-01
      3619 -1.405984E+00  1.722484E+00 -2.760296E-01
      3620 -4.841612E+00  5.602933E+00  4.208500E-01
      3621  0.000000E+00  0.000000E+00  0.000000E+00
      3622 -5.943599E-01  1.210984E+00  4.889950E-01
      3623  0.000000E+00  0.000000E+00  0.000000E+00
      3624  1.002480E+00 -6.214593E-01 -8.698860E-01
      3625  1.438857E+00  6.296526E-02  1.160020E+00
      3626  4.112188E-01 -4.007360E-01 -1.968084E-01
      3627  8.774259E-01 -1.539534E+00 -7.736667E-01
      3629 -3.007615E+00 -1.619732E+01  3.959788E+00
      3630 -4.126583E+00 -2.082772E+01  6.643677E+00
      3631  4.777393E+00 -2.945511E+01  6.395237E+00
      3632  8.710942E-01 -4.619543E+00  2.122040E+00
      3633  9.614523E-01 -2.004475E+00  1.545102E+00
      3638  5.117642E-01 -1.851953E+00  1.549701E+00
      3639  0.000000E+00  0.000000E+00  0.000000E+00
      3640  7.423304E-02 -4.414932E-01 -1.956637E-01
      3648 -8.194367E-01 -3.969659E+00  1.804996E+00
      3649 -6.215067E-01 -2.401992E+00  2.124899E+00
      3656 -5.558321E-01 -4.037292E+00  2.914869E+00
      3657  2.826473E-01 -5.222509E+00  2.361343E+00
      3658 -5.232566E-02 -3.794174E+00  1.140013E+00
      3659 -1.029239E+00 -3.735599E+00  1.223461E+00
      3660 -2.352174E-01 -4.388671E+00  1.510260E+00
      3661  0.000000E+00  0.000000E+00  0.000000E+00
      3662  5.639157E-02 -1.073613E+00 -5.949085E-02
      3663 -4.949448E-01 -1.794419E+00  9.811999E-01
      3664 -1.106247E-01 -3.875980E+00  9.096629E-01
      3665 -2.143923E-01 -1.962900E+00  7.298674E-01
      3666  5.487656E-01 -6.617558E+00  9.236253E-02
      3669 -5.018827E-01 -2.197283E+00  1.220738E+00
      3670 -4.176391E-01 -2.408670E+00  9.900754E-01
      3671 -1.627622E-01 -1.161862E+00  4.405475E-01
      3672 -6.717410E-02 -6.103161E+00  6.329399E-01
      3675 -2.178545E-01 -3.306697E+00  1.699041E+00
      3694 -1.226703E+00 -1.357541E+00 -4.578730E-02
      3695 -8.301802E-01 -1.239573E+00 -2.468922E-01
      3696 -1.011520E+00 -1.202284E+00 -6.947015E-02
      3701  1.404507E+00 -3.032525E+00 -1.173184E+00
      3705  1.929152E-01 -1.098618E+00 -4.137860E-01
      3706  8.076413E-01 -1.459391E+00 -6.468938E-01
      3707  9.525553E-01 -1.329718E+00 -8.625286E-01
      3708 -1.443449E+00  2.784088E+00 -1.166259E+00
      3709 -1.295939E+00  1.645882E+00 -4.020304E-01
      3719 -9.887506E-01 -2.141430E+00  6.979202E-02
      3720 -1.428986E+00 -4.188928E+00  9.057581E-02
      3724 -1.179743E+00 -1.571078E+00 -3.994827E-01
      3725  0.000000E+00  0.000000E+00  0.000000E+00
      3726  0.000000E+00  0.000000E+00  0.000000E+00
      3727 -1.320494E+00 -1.237066E+00  1.607188E-01
      3766  2.081981E+00  1.993746E+01  4.790129E+00
      3767  1.238007E+00  1.359370E+01  2.724113E+00
      3768  7.399402E-01  3.304323E+00  1.373515E+00
      3769 -1.390491E-01  2.266563E+00  1.419179E+00
      3770  3.184557E-01  1.046105E+00  7.026212E-01
      3771  3.910017E-01  1.015572E+00  7.571031E-01
      3772  7.507402E-02  1.329042E+00  6.587975E-01
      3773  3.092315E-01  1.107903E+00  3.913392E-01
      3774  3.143588E-01  1.664160E+00  5.659896E-01
      3775  4.176505E-01  2.310338E+00  3.996249E-01
      3776  4.886711E-01  7.541723E+00  1.570027E+00
      3777  4.366215E-01  2.619872E+00  8.024064E-01
      3778  6.808992E-01  6.418904E+00  1.077495E-01
      3779  2.344789E-01  1.431125E+00  2.607612E-01
      3780  1.097652E-01  6.162551E+00 -1.350445E-01
      3808  4.481700E-01  1.858845E+00  1.374060E+00
      3809  2.237508E-01  7.523610E-01  4.085399E-01
      3830  6.571893E+00 -1.918599E+01  5.447676E+00
      3831  2.944433E+00 -8.932061E+00  2.243688E+00
      3832  9.179584E-01 -2.786094E+00  1.472913E+00
      3845  0.000000E+00  0.000000E+00  0.000000E+00
      3846  0.000000E+00  0.000000E+00  0.000000E+00
      3847  0.000000E+00  0.000000E+00  0.000000E+00
      3848 -1.059302E+00  2.292431E+00  9.351376E-01
      3849  4.658954E-01 -1.283905E+00  5.499343E-01
      3850 -7.728418E-01  1.344749E+00  3.592778E-01
      3876 -6.894573E-01  1.043572E+00 -8.902388E-01
      3877 -1.357706E+00  2.721061E+00 -2.072715E+00
      3878 -7.882543E-01  1.467757E+00 -4.816090E-01
      3883  2.077509E-01 -3.948928E-01 -1.069960E+00
      3884  3.274247E-01 -3.468492E-01 -2.499052E+00
      3888 -1.334314E-02 -9.639761E+00  1.502268E+00
      3917 -5.000219E-01  3.225771E+00  9.184904E-01
      3918 -7.134286E-01  4.261196E+00  1.137136E+00
      3919  3.166823E-01  1.161638E+00  9.806564E-01
      3923  1.735955E+00  2.043909E+00 -3.493329E-01
      3924  1.382450E+00  1.916564E+00 -3.870697E-01
      3932 -4.185973E-01  2.785328E+00  1.406969E+00
      3933 -2.319793E-01  9.905653E-01  5.462283E-01
      3934 -4.079945E-01  6.295743E-02  6.078380E-01
      3969 -2.710020E-01  2.264624E+00  4.630408E-01
      3970 -6.482211E-01  4.637858E+00  6.514023E-01
      3973  5.222751E-01  1.993609E+00  9.968347E-01
      3974 -8.305957E-01  4.254960E+00  2.021031E+00
      3975  4.792179E-02  2.628312E+00  1.082484E+00
      3977 -2.950656E+00  9.160581E+00  1.490804E+00
      3978  7.378342E-01  2.638009E+01  6.360901E+00
      3979  4.602013E-01  1.798920E+00  1.139729E+00
      3980 -4.605137E-03  4.202121E+00  1.334654E+00
      3981  5.098176E-02  3.213371E+00  1.005862E+00
      3982 -8.230992E-01  4.214640E+00 -7.241153E-02
      3983  4.366830E-01  4.251372E+00  1.150079E+00
      3993 -1.243667E-02  4.387743E+00  5.496701E-01
      4046 -3.010854E-02 -8.931419E-01 -6.768159E-01
      4047  3.139376E-01  7.767438E-01 -2.481619E+00
      4057  1.133644E+00  1.959824E+00 -5.123839E-01
      4058  1.665057E+00  3.456168E+00 -2.180471E-01
      4063  1.752750E+00  3.169811E+00 -1.148802E+00
      5160  2.048071E-01 -5.919698E-01 -7.797822E-01
      5161 -3.275034E-02 -1.683047E-01 -3.245261E-01
      5162 -1.099287E-01 -1.023757E-01 -9.520139E-01
      5163 -8.914169E-01 -2.169136E+00 -8.428250E-01
      5164 -8.076245E-01 -1.860114E+00 -1.547450E+00
      5167  1.767708E+00  3.552193E+00 -2.962211E-01
      5170  1.565952E+00  3.154365E+00 -2.591379E-03
      5483 -2.494238E+00  2.010933E+01  1.840482E+00
      5484 -8.010672E-02  6.034738E+00  8.692061E-01
      5485  2.814771E-01  2.444025E+00  8.930571E-01
      5486 -1.076111E+00  4.870573E+00 -5.746916E-01
      5487 -3.351926E-01  2.860687E+00  5.232735E-01
      5488 -3.007153E-01  9.576490E-01  4.251564E-01
      5493  3.515265E-01  5.173003E-01 -2.200166E-01
      5503  2.905510E+00 -1.028995E+01  1.910325E+00
      5509 -5.967216E-01 -2.077441E+00  3.701036E+00
      5524  1.249897E-01  1.183717E+00  7.844219E-01
      5525 -1.675925E-01  7.368270E-01  1.056717E+00
      5612  4.897695E+00  1.303120E+01  3.910758E+00
      5615 -1.799121E-01 -1.768590E-01 -2.869428E-01
      5616  0.000000E+00  0.000000E+00  0.000000E+00
      5620 -1.152879E+00  5.411733E+00  2.306658E+00
      5621 -3.492319E+00  2.233288E+01  5.419199E+00
      5622 -1.042934E+00  1.708959E+01  3.646000E+00
      5623 -2.191098E+00  1.158558E+01  2.028530E+00
      5635 -2.236993E+00  5.264561E+00 -3.037285E-02
      5636 -2.199818E+00  5.432867E+00 -1.316774E+00
      5638 -1.904504E+00  4.291512E+00  2.551838E-02
      5701  3.993343E+00  7.584700E+00  1.498768E-01
      5702  1.571201E+00  2.798461E+00 -5.588083E-01
      5776  1.673538E-01  6.506041E-01 -4.149139E-01
      5777  6.913244E-01  3.676413E+00 -3.494502E+00
      5778 -1.908179E-02  2.765582E+00  4.211058E-01
      6003  1.467570E+00 -3.368887E+00 -3.091180E-01
      6004  1.733288E+00 -3.211928E+00 -4.446769E-01
      6039  6.569463E-02  4.905852E-02 -2.266697E-03
      6048 -2.493680E+00 -3.043925E+00  5.311254E-01
      6075 -1.832468E-01  1.873776E+00  6.470994E-01
      6076  0.000000E+00  0.000000E+00  0.000000E+00
      6157  1.731437E-01 -2.882042E+00  7.701113E-01
      6158 -1.186713E-01 -2.937351E+00  1.465943E+00
      6160 -5.654018E+00 -1.165494E+01  3.987245E+00
      6161 -1.081498E+00 -7.828869E+00  3.261212E+00
      6162 -1.662487E-01 -2.309968E+00  2.536077E+00
      6163 -2.939109E-01 -1.786572E+00  1.442462E+00
      6165 -8.874567E-01 -7.111690E+00  1.581499E+00
      6176  9.784087E-01 -9.041458E+00  2.994371E+00
      6181 -3.279561E+00 -1.113763E+00  8.923619E-01
      6182 -5.645182E-02 -1.349833E+00  5.870127E-01
      6192  1.052736E+00 -3.762387E+00  5.504842E-01
      6194 -1.154013E-02 -1.646479E+00  9.655510E-01
      6195  4.110828E-01 -3.461775E+00  8.198728E-01
      6196  3.902694E-01 -2.085925E+00  6.306379E-01
      6199 -1.099687E-01 -2.792277E+00 -2.872626E-01
      6200  3.296233E-01 -2.723168E+00  4.824174E-01
      6202  1.074352E+00 -8.089334E+00  1.495355E+00
      6239 -2.385298E-01  2.268061E-01 -1.918421E-02
      6240 -1.120400E+00 -1.881167E+00  1.227108E+00
      6241 -2.519861E-01 -1.926500E+00  7.452486E-01
      6245 -3.377659E-01 -4.309753E+00  9.497305E-01
      6246  9.898804E-01 -6.097484E+00  8.307923E-01
      6254  4.227051E-01 -2.380753E+00  1.110724E+00
      6255  2.519063E-01 -1.774678E+00  1.086409E+00
      6256  7.750057E-02 -1.175829E+00  6.063009E-01
      6257  1.773747E-01 -3.295801E+00  1.683140E+00
      6258  5.103821E-01 -1.100917E+00  1.080927E+00
      6259  2.012469E-01 -3.085111E+00  1.015575E+00
      6260  5.430811E+00 -1.057404E+01  3.037830E+00
      6261  9.857330E-01 -2.530000E+00  1.888144E+00
      6377  1.250340E+00  4.007756E+00 -1.770863E+00
      6378  1.580071E+00  4.154320E+00 -1.474628E+00
      6379  3.448958E-01  1.049753E+00 -4.693223E-01
      6400 -3.310648E+00  8.013896E+00  1.601151E-01
      6401  0.000000E+00  0.000000E+00  0.000000E+00
      6402 -3.403825E-01  4.814821E-01  3.568656E-01
      6403  8.202808E-02 -1.160052E-01 -3.187117E-02
      6404  2.749464E+00 -6.612812E+00 -2.592473E+00
      6405  3.096213E+00 -1.473766E+01 -1.829727E+00
      6407  1.093180E+00  4.477172E-01  1.597500E+00
      6420 -1.338048E+00 -2.120513E-01 -3.004066E-02
      6421 -3.513180E+00 -6.764710E+00 -1.392109E+00
      6422 -2.674106E+00 -9.239346E+00 -3.290759E+00
      6423 -1.297356E+00 -8.293234E-01  4.814533E-01
      6428 -1.108824E+00  1.165108E+00 -1.609530E-01
      6433 -7.495858E-01 -1.317494E+00  4.698145E-01
      6435  1.555838E+00  1.812687E+00 -4.060688E-01
      6436 -7.003224E-01 -9.782295E-01 -2.607788E-01
      6437  3.037218E-01  7.487074E-01  5.052420E-01
      6438  0.000000E+00  0.000000E+00  0.000000E+00
      6439 -5.514045E-01 -9.772195E-01 -8.203725E-01
      6721 -1.190564E-01 -2.480507E+00  1.510962E+00
      6744 -1.373970E+00 -5.029652E+00  2.341160E-01
      6745  0.000000E+00  0.000000E+00  0.000000E+00
      6749  3.299323E-01 -4.317967E+00  1.182955E+00
      6788 -8.009011E-01 -3.019707E+00 -1.892106E-01
      6789 -5.193781E-02 -3.136180E-01 -7.262639E-01
      6790 -2.428823E-03 -7.306679E-01  6.013029E-01
      6791  1.722505E-01 -2.530955E+00  1.269038E+00
      6792  6.448620E-01 -3.515567E+00  7.770387E-01
      6793 -4.176848E-01 -9.496021E+00  2.467532E+00
      6795 -6.371635E+00 -2.412321E+01  4.457090E+00
      6798 -2.406157E+00 -8.042153E+00  1.833874E+00
      6799  8.840362E-02 -3.309853E+00  1.084037E+00
      6800  1.460701E+00 -1.056147E+01  1.856867E+00
      6801  3.625133E-02 -1.985948E+00  9.215407E-01
      6803  3.077687E-01 -7.535633E+00  2.085143E-01
      6804 -3.343689E-01 -6.893647E+00  6.974433E-01
      6819  7.982837E-01 -4.652913E+00  5.855931E-01
      6825  1.263082E-02 -3.105517E+00  1.027648E+00
      6827 -6.289353E-01 -8.516005E-01 -3.065494E-01
      6828 -6.495953E-01 -1.713057E+00 -2.407776E-01
      6830 -6.882625E-01  3.069921E+00  4.657664E-01
      6841  1.409474E-01 -7.154748E-02 -1.764507E-01
      6842  1.865246E+00 -6.152847E+00 -2.607523E+00
      6865 -1.387396E+00  3.716569E+00 -1.276020E+00
      6866 -2.486021E+00  7.792192E+00 -3.623026E+00
      6880  1.417529E+00 -1.047637E+00  7.643250E-02
      6881 -7.565890E-01  2.180307E+00 -7.415518E-01
      6882 -1.889628E-01 -4.918213E-01 -1.146553E+00
      6883  3.213100E-01  1.275740E+00 -1.014409E+00
      6884 -3.230974E-01 -1.222246E+00 -2.521911E+00
      6916  2.961939E-01 -5.762368E-01  1.691172E-01
      6917  9.231396E-01 -3.379088E-01 -4.118238E-01
      6918 -4.662170E-01 -8.792228E-01 -1.563766E+00
      6930  0.000000E+00  0.000000E+00  0.000000E+00
      6940  2.868297E+00 -4.313311E+00 -7.878317E-01
      6941  7.074291E-01 -4.725835E-01 -1.963271E-01
      6944 -2.315452E+00 -3.765512E+00 -6.803999E-01
      6945 -8.646742E-01 -1.356073E-01 -4.895002E-01
      6946 -2.986343E+00 -5.835948E+00 -1.016833E+00
      6965  6.611258E+00 -7.384980E+00  2.090263E+00
      6988 -1.496845E+00  2.326039E-01  1.226438E-01
      6993  0.000000E+00  0.000000E+00  0.000000E+00
      6994  0.000000E+00  0.000000E+00  0.000000E+00
      6999 -4.187100E-01 -3.065227E-01 -1.249174E-01
      7025  1.605736E+00  3.249975E+00 -1.968863E+00
      7145  3.798724E-02 -3.731448E-02 -8.216417E-01
      7155  3.082969E-02 -7.554681E-02 -1.361719E+00
      7183 -1.529223E-01 -4.285013E-01 -4.487277E-01
      7184 -3.834743E-01 -6.000607E-01 -3.990224E-01
      7185  3.661879E-01  3.659681E-01 -2.281598E-01
      7186 -6.313108E-01 -1.824770E+00  6.673965E-01
      7250  1.093256E+00 -5.322401E+00 -2.262556E+00
      7251  5.854823E+00 -6.078351E+00 -1.048268E+00
      7256 -1.498308E+00 -3.178844E+00 -4.833459E+00
      7265 -3.921070E-01 -2.259902E+00  7.775495E-01
      7266 -7.526117E-01 -1.595653E+00  1.968765E-01
      7267 -4.117030E-01 -4.319030E+00 -1.557597E-01
      7268 -3.922917E-02 -1.427390E+00  2.080635E-01
      7269  0.000000E+00  0.000000E+00  0.000000E+00
      7282  5.533960E-01 -1.253101E+00  1.148322E+00
      7288 -3.225472E-01 -3.938220E-01 -2.141536E-01
      7953 -1.962263E-01  2.085189E+00 -3.281808E-01
      7974  3.398069E+00  6.006114E+00 -4.353763E-01
      7975  1.883443E+00  2.113407E+00  5.115045E-01
      7983  2.357087E-01 -4.313547E-01 -5.266408E-01
      7984  2.613871E-03 -3.698684E-01 -1.081324E+00
      7985  4.304189E-01 -1.044665E+00  5.525095E-01
      7993 -3.805875E+00 -6.366703E+00  1.291199E+00
      7996 -1.030385E+00 -7.556193E-01  2.627227E-01
      7997 -1.853873E+00 -1.605842E+00  8.526150E-02
      8063 -3.761432E+00 -7.086515E+00  7.340701E-02
      8072  1.092035E+00  1.232270E+00 -3.942395E-01
      8073  9.216858E-01 -3.001180E+00 -1.648226E+00
      8078  9.432908E-01 -2.066071E+00  9.367457E-01
      8079 -3.037596E-01 -3.707472E+00  9.912111E-01
      8092  6.748931E-01 -4.673626E+00  2.461495E+00
      8099 -7.595432E-01 -2.265186E-01  1.829266E-01
      8236  4.982065E-01  4.041748E+00  1.898314E-01
      8237 -1.342399E+00  3.771363E+00  5.977367E-01
      8731  1.169069E+00  3.618993E+00 -5.506464E+00
      8897 -1.608490E+00  4.377365E+00 -4.490064E-02
      8927  9.466315E-01  2.727127E+01  6.745121E+00
      8928 -1.136824E-01  2.801928E+00  1.222623E+00
      9013 -2.646177E-01  2.598586E+00  4.262990E-01
      9014 -6.836576E-01  2.101721E+00  7.311426E-01
      9015 -2.921354E-01  3.091236E+00  1.267514E+00
      9017 -2.647027E-01  3.439742E+00  1.201556E+00
      9018  7.716227E-02  1.975496E+00  8.013640E-01
      9019 -1.124918E+00  4.682882E+00  7.036682E-01
      9041 -6.881354E+00  1.331490E+01  4.399710E+00
      9043 -3.610146E+00  1.275868E+01  5.001874E+00
      9081 -4.655517E-02  6.030512E+00  9.712492E-01
      9127 -3.119925E-01  2.748030E+00  1.053948E+00
      9128 -1.254609E+00  1.131461E+01  1.622212E+00
      9138 -1.028655E+00 -3.822495E-01 -5.010329E-01
      9139  0.000000E+00  0.000000E+00  0.000000E+00
      9140  0.000000E+00  0.000000E+00  0.000000E+00
      9141 -3.755214E-01 -3.602630E+00  1.023175E+00
      9146  2.523404E-01 -1.054564E-01 -3.146261E-01
      9172 -1.480697E-01  4.493830E+00  5.073688E-01
      9199  2.207220E+00  5.249563E+00 -1.416486E+00
      9205  2.963969E-03 -1.568156E-01 -1.554437E-01
      9215 -7.281183E-01  3.645340E+00  1.485442E-02
      9278  6.327158E-03  1.024464E-02 -1.531179E-02
      9279  0.000000E+00  0.000000E+00  0.000000E+00
      9280  6.943620E-01  2.053615E+00 -1.716764E-01
      9309  1.658132E+00 -4.404548E+00 -2.172249E-01
      9333 -9.922850E-02  7.568945E+00  3.593507E-01
      9337  5.515600E-01 -1.701387E+00 -6.165234E-01
      9338  6.539430E-01 -4.388158E+00  1.754612E+00
      9417  6.535752E-01  2.368761E-02 -3.257058E-01
      9418 -2.262607E-02 -2.814066E-02 -1.487765E-02
      9419  0.000000E+00  0.000000E+00  0.000000E+00
      9420  0.000000E+00  0.000000E+00  0.000000E+00
      9422 -5.238019E-01  1.869635E+00  1.028259E+00
      9437  9.118742E-01 -3.672868E+00 -7.847959E-01
      9453 -2.490403E+00 -3.649101E+00  6.053686E-01
      9454  0.000000E+00  0.000000E+00  0.000000E+00
      9455 -5.733242E-01 -6.677654E+00 -9.283772E-01
      9460  9.679726E-01 -8.452605E+00 -2.070077E+00
      9461  5.258755E+00 -5.411986E+00  1.348886E+00
      9462  6.277379E-01 -5.683211E-01 -1.317202E-01
      9463  3.351999E-01 -2.234039E+00 -7.342283E-01
      9464  4.372293E-01 -2.401748E+00 -4.911632E-01
      9485  2.199091E-01  5.237250E-01  2.894543E-01
      9486  0.000000E+00  0.000000E+00  0.000000E+00
      9487  3.410095E-01 -1.879945E-01 -6.312976E-01
      9488  0.000000E+00  0.000000E+00  0.000000E+00
      9489  1.350039E+00 -5.057800E+00  4.804260E-01
      9490  1.024965E-01 -9.624468E-02 -1.514924E-01
      9491  3.002751E-01 -9.438749E-01  1.536555E-01
      9495  6.753982E-01 -1.716299E+00  6.414266E-02
      9534  0.000000E+00  0.000000E+00  0.000000E+00
      9638  2.021518E-01 -2.111885E-01  8.963152E-02
      9661  0.000000E+00  0.000000E+00  0.000000E+00
      9662  4.101265E-01  1.751261E-01  1.298093E-01
      9663 -1.820138E+00 -3.542978E+00 -2.461359E+00
      9666 -7.754302E-01 -3.212937E+00 -3.109961E-01
      9667 -7.583122E-01 -1.801238E+00 -7.385281E-01
      9669 -8.675623E-01 -3.193170E-01 -5.087418E-01
      9670 -5.371773E-01 -3.593816E+00 -1.557172E-01
      9671 -6.522572E-01 -1.333913E+00 -5.789980E-01
      9736  1.575511E-01  1.344231E+01  1.672800E+00
      9743 -2.470107E-01 -1.696081E-01 -1.782612E-01
      9780 -8.727455E-01 -3.212269E+00  4.155365E-01
      9793  0.000000E+00  0.000000E+00  0.000000E+00
     10048 -9.129378E-01 -2.104230E+00  1.284293E+00
     10073 -6.627718E-02 -1.306188E-01 -1.342340E+00
     10100  4.105739E-01 -2.380810E+00 -3.591227E-03
     10161 -9.440994E-01 -2.838075E+00  5.321220E-01
     10162 -1.495165E-01 -1.120594E+00  6.743534E-01
     10169  2.136924E+00  9.648901E+00  2.317135E+00
     10194 -7.519832E-02  1.923249E+00 -3.122531E+00
     10228 -1.425781E-01 -1.182198E+01  4.053456E+00
     10231  7.549922E-01 -4.981565E-01 -1.995376E-01
     10260  0.000000E+00  0.000000E+00  0.000000E+00
     10454  3.205295E+00 -5.702042E+00 -9.353500E-01
     10461  0.000000E+00  0.000000E+00  0.000000E+00
     10514 -8.509371E-01 -1.556994E+00  7.121340E-02
     10515 -3.851848E-01 -7.235603E-01 -2.314384E-01
     10521 -2.971285E-01  4.891835E-01 -4.106771E+00
     10524  0.000000E+00  0.000000E+00  0.000000E+00
     10606  7.264283E-01 -1.114598E+00 -1.960353E+00
     10609  7.187326E-01 -4.156237E+00 -4.164626E+00
     10628 -1.148824E+00 -1.497773E+00  9.243863E-01
     10656 -7.470356E-01 -1.478548E+00  1.645962E+00
     10660 -1.155088E+00 -8.358601E-01  1.106542E+00
     13435  2.989845E-01  8.394536E-01 -4.864394E-01
     13436  3.816527E-01  7.795488E-01 -3.363778E-01
     13437 -7.883806E-01 -1.201931E+00  4.446293E-01
     13438  3.401489E-01  4.460001E-01 -9.719696E-02
     13439 -7.358888E-01 -1.222251E+00 -2.300138E-01
     13440 -8.014798E-01 -1.494174E+00 -3.062785E-01
     13473 -5.407842E-01 -1.263916E+00  1.725437E-03
     13542  1.318846E-01 -1.856968E-01  2.340083E-02
     13543 -1.312012E-01  2.526452E-02 -1.595517E-02
     13546  1.155824E-01 -1.267895E-01 -1.712039E-02
     13547  0.000000E+00  0.000000E+00  0.000000E+00
     13563  5.862481E-01  9.917955E-01  2.184110E-02
     13570 -1.892025E-02  6.422232E-02 -1.721493E-01
     13571  6.953448E-02 -3.274325E-02 -5.990069E-02
     13573 -2.041764E-01  7.605731E-02  2.177107E-02
     13574  0.000000E+00  0.000000E+00  0.000000E+00
     13575  0.000000E+00  0.000000E+00  0.000000E+00
     13576  0.000000E+00  0.000000E+00  0.000000E+00
     13577  0.000000E+00  0.000000E+00  0.000000E+00
     13578  0.000000E+00  0.000000E+00  0.000000E+00
     13579 -1.173886E+00 -2.138276E+00 -4.413141E-01
     13588 -4.112290E-01 -8.270634E-01  1.066228E-01
     13590 -7.495575E-01 -1.544434E+00 -7.145945E-01
     13600 -3.670204E-02 -2.420287E-01 -5.052244E-01
     13601  1.109908E-01 -2.952528E-01 -4.111305E-01
     13602  0.000000E+00  0.000000E+00  0.000000E+00
     13603 -1.247824E-02 -3.288504E-01 -2.033754E-01
     13607  0.000000E+00  0.000000E+00  0.000000E+00
     13630  0.000000E+00  0.000000E+00  0.000000E+00
     13631 -1.311787E-01 -3.929002E-01  3.142797E-02
     13678  0.000000E+00  0.000000E+00  0.000000E+00
     13684  0.000000E+00  0.000000E+00  0.000000E+00
     13685 -3.257378E-01  9.244213E-01  4.509480E-01
     13697  0.000000E+00  0.000000E+00  0.000000E+00
     13698  0.000000E+00  0.000000E+00  0.000000E+00
     13699  6.990413E-02  2.530931E-01 -7.821464E-04
     13700  0.000000E+00  0.000000E+00  0.000000E+00
     13737 -1.938079E+00  2.236410E+00 -3.410461E-01
     13739  0.000000E+00  0.000000E+00  0.000000E+00
     13771  0.000000E+00  0.000000E+00  0.000000E+00
     13772 -1.595844E-01  7.925770E-02  1.014388E-01
     13782 -7.935501E-02  1.034957E-01 -5.193151E-02
     14300  0.000000E+00  0.000000E+00  0.000000E+00
     14301  0.000000E+00  0.000000E+00  0.000000E+00
     14307 -3.673813E-01  1.375399E-01 -3.359885E-02
     14362  4.772454E-01 -9.768081E-01  1.954851E-01
     14363  6.976643E-01 -1.547453E+00 -5.582545E-02
     14364  0.000000E+00  0.000000E+00  0.000000E+00
     14365 -1.888753E-01  1.519223E-01  3.621109E-02
     14378  2.457074E+00 -4.415528E+00 -1.817006E+00
     14379  3.397392E-01  1.383987E-01  1.395921E-01
     14380 -9.588789E-01  6.114582E-01  1.295267E-01
     14381  4.705836E-01 -4.263267E-01  1.354001E-02
     14382  2.226201E-01 -1.263511E-02 -1.987952E-01
     14383  3.061535E-01 -5.879060E-01 -2.947691E-01
     14479  3.697104E-01  9.066595E-02  1.032853E-01
     14644  1.279620E-01 -3.747678E-01  2.030606E-01
     14647 -5.878011E-01 -2.132420E+00 -1.231811E-01
     14648 -2.841825E-02 -5.624418E-02  1.714287E-01
     14654  0.000000E+00  0.000000E+00  0.000000E+00
     14694 -2.094735E-02 -7.048855E-02  2.112501E-02
     14702 -4.693158E-02  1.147455E-02  3.110796E-02
     14768  0.000000E+00  0.000000E+00  0.000000E+00
     14781  2.070601E-01 -1.455876E-01 -1.168250E-01
     14782  0.000000E+00  0.000000E+00  0.000000E+00
     14788  0.000000E+00  0.000000E+00  0.000000E+00
     14789 -2.911119E-03  5.213896E-03  4.258086E-03
     14790  1.057170E-02 -1.506936E-01 -9.517575E-02
     14795 -6.705355E+00 -8.852150E+00  1.524513E+00
     14800 -4.302404E+00 -7.682050E+00  3.975902E+00
     14802 -2.971757E+00 -4.788175E+00  4.127641E-01
     14805 -1.575828E+00 -1.109363E+00  6.066001E-01
     14814  5.833620E-01 -6.673799E-01  2.144600E-02
     14876  6.612118E-01 -1.163880E+00  7.427546E-01
     14877  1.057021E+00 -1.064154E+00  7.957415E-01
     14878  5.378012E-01 -7.837556E-01  1.196265E+00
     14880  3.940212E-02 -4.120520E+00  4.431490E-01
     14882  6.177632E-01 -2.529718E+00  4.317754E-01
     14883  1.133874E+00 -2.981714E+00  7.918243E-02
     14885  1.193032E+00 -1.029648E+00  3.677969E-01
     14886  9.423967E-01 -1.542596E+00  4.499285E-01
     14887  8.667557E-01 -7.894416E-01  2.172329E-01
     14889  3.291667E+00 -4.140306E+00  7.627401E-02
     14907  4.153473E+00 -5.300840E+00  1.317304E+00
     14908  5.557971E+00 -6.774859E+00  1.871080E+00
     14928 -3.534630E-03 -6.754087E-01  1.115481E+00
     14929 -7.530179E-01  2.349141E+00 -1.980780E+00
     14955  3.232958E-01 -3.496862E+00  5.698740E+00
     14959 -4.399575E-01 -9.174750E+00  5.663647E-01
     14968 -5.031797E-02 -1.515002E+01  1.860928E+00
     14981  1.344878E-01 -7.996142E+00  7.874564E-01
     14982 -1.334035E+00 -5.809133E+00  2.173637E+00
     14983  1.913229E+00 -1.069989E+01 -2.639856E+00
     14985 -1.425247E+00 -2.425152E+01  2.472432E+00
     14986  7.556740E-01 -2.979048E+00  2.270074E+00
     14987 -1.611886E-01 -1.595931E+00  7.746291E-01
     14989  0.000000E+00  0.000000E+00  0.000000E+00
     14990  0.000000E+00  0.000000E+00  0.000000E+00
     14991  1.620022E-01 -4.623956E+00  1.369423E+00
     14992  0.000000E+00  0.000000E+00  0.000000E+00
     14993 -2.021871E-01  2.206470E-01  5.831799E-01
     14994  2.537587E-01 -2.035765E+00 -1.746974E-01
     14995  5.351094E-03  1.100417E-03  5.477072E-02
     15668  0.000000E+00  0.000000E+00  0.000000E+00
