
                        S T E P       1


                                INCREMENT     1


 forces (fx,fy,fz) for set NPROX and time  0.1000000E+01

      1292  4.033754E-01  6.696953E-01 -8.943325E-01
      1293  8.563359E-01  2.550833E+00 -1.642252E+00
      1406  6.037036E-01  6.303864E+00  2.444375E+00
      1408 -3.079997E+00  7.693226E+00  3.485928E+00
      1418 -1.840485E+00  2.422418E+00  1.476766E-01
      1419 -1.844573E+00  2.064397E+00 -1.020791E-01
      1420 -4.851816E+00  8.696120E+00  1.970772E-01
      1524 -1.621444E+00  3.852853E+00 -1.331724E+00
      1525 -9.300427E-01  2.117788E+00 -4.693217E-01
      1526 -3.474559E-01  8.546793E-01 -8.708514E-01
      1527 -6.075950E-02  1.125218E-01 -1.785965E-01
      1528 -7.347627E-02  7.241774E-02 -7.473186E-01
      1556  4.036246E-01  8.011827E+00  9.375808E-01
      1557 -5.865677E-02  8.730639E+00  4.223241E-01
      1558  2.761441E-01  3.053896E+00  9.330129E-01
      1559  5.604350E-01  1.386791E+00  9.585628E-01
      1560 -6.275298E-01  4.548016E+00  8.903324E-01
      1561 -9.476027E-02  4.881328E+00  2.232045E+00
      1562  2.258834E+00  8.200522E+00  1.779331E+00
      1566  7.503274E-01  8.691244E+00  8.112229E-01
      1620 -1.229776E+00  3.084522E+00 -2.371314E+00
      1624  1.253740E+00  1.785373E+00  1.219969E-01
      1625  9.231245E-01  2.087624E+00  1.024841E-01
      1626  1.329456E+00  3.524949E+00  1.659388E-02
      1628  9.253510E-02 -3.335074E-03 -7.250196E-02
      1629  4.753613E-02 -4.963513E-03  1.613670E-02
      1797 -9.672591E-01 -1.591956E+00 -4.455580E-01
      1798 -1.719391E+00 -2.839526E+00 -1.103670E-01
      1799 -1.655408E+00 -4.273333E+00 -4.373838E-01
      1800  1.680159E+00 -1.252779E+00  1.549408E-01
      1801  2.166611E+00 -2.520203E+00 -8.795222E-02
      1802  1.516527E+00 -7.978908E-01  8.620539E-01
      1810 -9.289185E-01 -4.703174E+00  4.948995E-01
      1819  1.027901E+00 -1.436129E+00 -2.144937E-01
      1820  5.201927E-01 -2.784378E-01 -3.464935E-01
      1821  1.445996E+00 -1.432305E+00 -8.834909E-02
      1830  1.072280E+00  7.438877E+00  1.129249E+00
      1831  6.190929E-01  8.250435E+00  9.034618E-01
      1832 -1.490991E-01  3.759025E+00  9.457494E-01
      1833 -4.370008E-01  7.353611E+00  9.333219E-01
      1861 -2.087876E-01  1.016874E+00  3.407970E-01
      1862  1.349626E+00 -1.849354E+00 -2.558972E-01
      1863  1.103567E+00 -1.332969E+00 -2.069081E-01
      1873  0.000000E+00  0.000000E+00  0.000000E+00
      1874  3.111827E-01  9.400498E-02  8.045623E-02
      1875  0.000000E+00  0.000000E+00  0.000000E+00
      1888  5.377918E-03  1.706382E+00  5.699428E-01
      1889 -4.795049E-01  1.496592E+00  9.760668E-01
      1890  3.168237E-01  2.892217E+00  7.753236E-01
      1891  1.113191E+00  3.790578E+00  1.350436E+00
      1892  1.095772E+00  3.780939E+00 -3.947800E-01
      1893  4.123318E-01  2.284305E+00  8.393588E-01
      1914 -7.781309E-01  1.400633E+00 -9.414229E-02
      1915 -1.620343E+00  2.291696E+00 -6.347712E-03
      1916 -1.454913E+00  1.771443E+00  5.797139E-02
      1948 -1.078561E-01  1.568900E-01 -2.146103E+00
      1949  1.833975E+00  2.130609E+01  3.411758E+00
      1950  1.469535E+00  2.243986E+01  4.114674E+00
      1967  1.983607E+00 -1.990397E+01  8.012758E+00
      1968 -2.166948E+00 -1.607303E+01  3.367841E+00
      1969  2.161682E-01 -4.448431E+00  9.783789E-01
      1970  9.608501E-04  4.907218E-03 -7.924742E-03
      1971 -5.723095E-01 -3.410364E+00  1.348380E+00
      1976  1.638862E-01 -3.374355E+00  5.282776E-01
      1977 -1.541364E-01 -1.570964E+00  1.714688E+00
      1981  3.371590E+00 -2.697599E+01  4.407707E+00
      1982  9.148967E-01 -9.451077E+00  1.433675E+00
      2064 -1.132534E-01  3.220548E+00  1.015584E+00
      2065  4.212042E-01  3.836114E+00  1.658574E+00
      2077  4.584935E+00  6.983270E+00  1.097931E+00
      2078  3.897770E+00  7.198735E+00  2.850061E-01
      2440 -2.893188E-01 -1.033612E+00 -7.520575E-01
      2441 -5.806137E-01 -7.430534E-01 -5.039849E-01
      2442 -4.675117E-01 -6.384311E-01 -8.580773E-01
      2444  1.077799E+00  1.377373E+00 -2.993667E-02
      2445  1.989872E+00  6.972120E+00 -2.200521E+00
      2446  1.085957E+00  7.726441E-01 -6.406788E-01
      2447  3.295325E+00  1.006013E+01 -1.980480E+00
      2448  3.641663E+00  9.254737E+00 -1.148313E+00
      2449  0.000000E+00  0.000000E+00  0.000000E+00
      2450  1.078637E+00  1.175259E+00 -4.774378E-02
      2451 -2.291177E-01 -1.380228E+00 -2.509436E-02
      2452  1.505707E+00  1.313696E+00  5.639096E-01
      2453  3.400657E+00  2.516302E+00  2.594917E+00
      2454  1.087885E+00  1.666767E+00  5.806013E-02
      2455  3.632956E+00  8.552176E+00 -8.576495E-01
      2456  1.152416E+00  1.445410E+00 -2.196478E-01
      2457  1.849785E+00  2.403403E+00 -8.810188E-01
      2458  5.001396E-01  9.618889E-01 -7.200617E-01
      2459  1.198686E+00  1.531049E+00 -7.266536E-01
      2460  8.169638E-01  1.420436E+00 -5.082408E-01
      2461  7.315012E-01  7.196519E-01 -1.155126E+00
      2462  6.676761E-01  1.002586E+00 -8.116094E-01
      2463 -4.401487E-01 -5.504955E-01 -5.910123E-01
      2464 -1.868746E-01  1.242767E-01 -6.899433E-01
      2465 -8.121055E-02 -2.699720E-01  1.627915E-02
      2466  0.000000E+00  0.000000E+00  0.000000E+00
      2467  6.509989E-01  1.279337E+00  1.864477E-01
      2468  7.261805E-01  5.265205E-01  2.005425E-01
      2469  6.002358E-01  1.517849E+00 -1.153616E+00
      2470  6.405425E-01  1.041288E-01 -2.025622E-01
      2471 -5.433001E-01 -7.854754E-01 -8.804900E-01
      2481 -1.917587E+00 -4.084008E+00 -2.622751E+00
      2482 -1.949596E+00 -5.607388E+00 -1.150405E+00
      2483 -1.108304E+00 -6.360342E-01 -7.577192E-01
      3068 -4.102277E-01  3.193824E-01  1.753322E-01
      3069 -5.621519E-01 -1.029835E+00 -3.719605E-01
      3070 -8.519375E-01 -9.508320E-01 -4.867576E-01
      3071  0.000000E+00  0.000000E+00  0.000000E+00
      3072  0.000000E+00  0.000000E+00  0.000000E+00
      3073 -1.292297E-01  6.336503E-01 -8.420032E-01
      3074  5.027433E-01  5.350720E-01 -5.264380E-01
      3075  3.674775E-01  1.456638E+00 -8.218735E-01
      3076 -5.109552E-01 -1.202877E+00 -1.925956E+00
      3077  7.002024E-01 -1.283655E+00  9.861087E-01
      3078  3.190681E-01  1.376257E+00  3.197079E-01
      3079  1.665533E+00  4.338505E+00 -9.255537E-01
      3080  1.352910E+00  1.224689E+00  5.981940E-02
      3177 -2.736488E-01  5.456222E-01 -9.492706E-01
      3178 -5.733701E-01  1.777658E+00 -2.167238E+00
      3179 -4.915730E-01  7.558934E-01 -5.313553E-01
      3180 -4.088323E-01  5.060164E-01 -5.378660E-01
      3181 -8.688254E-01  3.873880E-01  5.054358E-01
      3182 -1.148814E+00  7.977494E-01  1.089707E-01
      3410 -6.584654E-01  2.003049E+00  5.974523E-01
      3465 -6.700194E-01  5.403097E+00  2.293478E+00
      3466  2.188543E+00  6.487346E+00  2.727891E+00
      3468  9.921146E+00  1.664994E+01  5.019629E+00
      3470  3.360733E-01  1.879735E+00 -2.202548E-01
      3472 -1.352692E-01  1.697512E+00  4.878362E-01
      3484 -1.973879E-01  7.785292E+00  1.433295E+00
      3487 -3.930431E-01  1.716782E-01  3.290991E-02
      3531  4.483093E+00  1.631985E+01  3.896516E+00
      3546 -2.325251E+00  7.025225E+00 -8.485482E-01
      3547 -4.146140E+00  9.509547E+00 -2.729095E+00
      3548 -6.868175E+00  8.465075E+00  4.167564E-01
      3551 -4.500882E+00  8.714353E+00  8.180552E-02
      3553 -8.973232E-01  1.982653E+00 -2.669246E-01
      3554 -1.265689E+00  2.339280E+00 -4.239303E-01
      3555 -5.288717E-01  7.949924E-01 -2.457465E-01
      3565 -3.906257E+00  2.793364E+00  2.578034E+00
      3568 -4.152402E+00  7.966646E+00 -1.334315E+00
      3584 -1.931362E-01  5.617909E-01 -1.027942E+00
      3585 -1.810988E-01  4.692667E-02 -1.001855E+00
      3599 -1.287173E+00  1.382893E+00 -3.751959E-01
      3600 -2.330003E+00  5.961216E+00 -9.412497E-01
      3601 -8.094491E-01  1.127495E+00 -1.911079E-02
      3602 -5.821347E-01 -1.247929E-01 -8.711693E-01
      3603 -1.658833E+00  1.982729E+00 -6.788022E-01
      3604  0.000000E+00  0.000000E+00  0.000000E+00
      3605  4.056045E-01 -7.223621E-01  2.310625E-01
      3606  9.652768E-01 -3.575765E-01  6.166257E-02
      3607  6.399290E-01 -5.629535E-01 -5.343324E-01
      3608  2.443424E-01  1.558384E-02 -5.019453E-01
      3609  3.029711E-01 -6.765550E-01 -6.165271E-01
      3610  3.268434E-01  6.749920E-01 -6.871064E-01
      3611  2.088146E-01 -3.781417E-01 -8.951086E-01
      3612 -6.825251E-02  3.055261E-01 -1.058092E+00
      3613 -6.910736E-01  6.812178E-01 -5.249574E-01
      3614  2.587756E-01  5.033367E+00  6.830364E-01
      3615  3.106644E-01  2.210853E+00  8.563388E-01
      3616 -1.023799E+00  1.352048E+00 -3.360365E-01
      3617 -1.023008E+00  1.677192E+00 -4.420083E-01
      3618 -1.768472E+00  2.084814E+00 -2.401946E-01
      3619 -1.401382E+00  1.722008E+00 -2.796433E-01
      3620 -4.814114E+00  5.580316E+00  4.142856E-01
      3621  0.000000E+00  0.000000E+00  0.000000E+00
      3622 -5.886005E-01  1.211960E+00  4.855300E-01
      3623  0.000000E+00  0.000000E+00  0.000000E+00
      3624  9.957533E-01 -6.245763E-01 -8.507216E-01
      3625  1.441200E+00  7.474336E-02  1.128783E+00
      3626  4.017593E-01 -4.053266E-01 -1.845475E-01
      3627  8.652371E-01 -1.534759E+00 -7.622186E-01
      3629 -2.980409E+00 -1.619208E+01  3.966910E+00
      3630 -4.079866E+00 -2.085151E+01  6.640243E+00
      3631  4.700750E+00 -2.950366E+01  6.366431E+00
      3632  8.614003E-01 -4.622452E+00  2.118413E+00
      3633  9.580671E-01 -2.000657E+00  1.549833E+00
      3638  5.130560E-01 -1.851339E+00  1.557743E+00
      3639  0.000000E+00  0.000000E+00  0.000000E+00
      3640  7.405374E-02 -4.416867E-01 -1.914480E-01
      3648 -7.976909E-01 -3.977501E+00  1.806115E+00
      3649 -6.127302E-01 -2.405779E+00  2.131658E+00
      3656 -5.630474E-01 -4.039015E+00  2.914553E+00
      3657  2.758691E-01 -5.223569E+00  2.360606E+00
      3658 -5.919267E-02 -3.799923E+00  1.141667E+00
      3659 -1.022614E+00 -3.739482E+00  1.227956E+00
      3660 -2.258487E-01 -4.398305E+00  1.517334E+00
      3661  0.000000E+00  0.000000E+00  0.000000E+00
      3662  5.176849E-02 -1.073516E+00 -6.084705E-02
      3663 -4.960477E-01 -1.795954E+00  9.814032E-01
      3664 -1.111405E-01 -3.879516E+00  9.140586E-01
      3665 -2.112496E-01 -1.963335E+00  7.339050E-01
      3666  5.460074E-01 -6.627151E+00  1.031153E-01
      3669 -5.006802E-01 -2.196440E+00  1.225304E+00
      3670 -4.171555E-01 -2.412270E+00  9.933401E-01
      3671 -1.600001E-01 -1.161570E+00  4.428754E-01
      3672 -6.431522E-02 -6.110315E+00  6.408218E-01
      3675 -2.129238E-01 -3.316360E+00  1.700690E+00
      3694 -1.219924E+00 -1.353086E+00 -4.489448E-02
      3695 -8.271841E-01 -1.240738E+00 -2.437713E-01
      3696 -1.009226E+00 -1.201819E+00 -6.852170E-02
      3701  1.400607E+00 -3.039913E+00 -1.160556E+00
      3705  1.897028E-01 -1.098572E+00 -4.012692E-01
      3706  8.023133E-01 -1.461940E+00 -6.362824E-01
      3707  9.484263E-01 -1.337900E+00 -8.487729E-01
      3708 -1.438133E+00  2.779717E+00 -1.167289E+00
      3709 -1.289322E+00  1.642244E+00 -4.022192E-01
      3719 -9.855316E-01 -2.140711E+00  7.153680E-02
      3720 -1.427334E+00 -4.189065E+00  9.379690E-02
      3724 -1.173369E+00 -1.566569E+00 -3.962260E-01
      3725  0.000000E+00  0.000000E+00  0.000000E+00
      3726  0.000000E+00  0.000000E+00  0.000000E+00
      3727 -1.312693E+00 -1.235087E+00  1.609355E-01
      3766  2.046236E+00  2.003600E+01  4.722826E+00
      3767  1.231232E+00  1.364354E+01  2.695154E+00
      3768  7.344389E-01  3.311741E+00  1.361908E+00
      3769 -1.467013E-01  2.266308E+00  1.408951E+00
      3770  3.170049E-01  1.045880E+00  6.982287E-01
      3771  3.899681E-01  1.014214E+00  7.493044E-01
      3772  7.518667E-02  1.329140E+00  6.536858E-01
      3773  3.087568E-01  1.108607E+00  3.884806E-01
      3774  3.135281E-01  1.665315E+00  5.613396E-01
      3775  4.167634E-01  2.315382E+00  3.930986E-01
      3776  4.869981E-01  7.556840E+00  1.568028E+00
      3777  4.346479E-01  2.626540E+00  7.983796E-01
      3778  6.788902E-01  6.436952E+00  9.872438E-02
      3779  2.339402E-01  1.434516E+00  2.573054E-01
      3780  1.074033E-01  6.173534E+00 -1.409989E-01
      3808  4.446053E-01  1.858712E+00  1.366395E+00
      3809  2.221947E-01  7.527240E-01  4.054366E-01
      3830  6.516620E+00 -1.918637E+01  5.447553E+00
      3831  2.940690E+00 -8.928679E+00  2.247318E+00
      3832  9.112325E-01 -2.787827E+00  1.475334E+00
      3845  0.000000E+00  0.000000E+00  0.000000E+00
      3846  0.000000E+00  0.000000E+00  0.000000E+00
      3847  0.000000E+00  0.000000E+00  0.000000E+00
      3848 -1.054686E+00  2.293015E+00  9.260937E-01
      3849  4.675830E-01 -1.285119E+00  5.472256E-01
      3850 -7.732851E-01  1.344854E+00  3.560019E-01
      3876 -6.845616E-01  1.038691E+00 -8.843252E-01
      3877 -1.350977E+00  2.707760E+00 -2.064863E+00
      3878 -7.826097E-01  1.455884E+00 -4.800913E-01
      3883  2.088661E-01 -4.024117E-01 -1.060560E+00
      3884  3.307627E-01 -3.607838E-01 -2.485871E+00
      3888 -1.557714E-02 -9.653952E+00  1.512511E+00
      3917 -4.986322E-01  3.236179E+00  9.143658E-01
      3918 -7.054493E-01  4.272065E+00  1.123687E+00
      3919  3.156545E-01  1.159601E+00  9.786291E-01
      3923  1.729220E+00  2.041233E+00 -3.499781E-01
      3924  1.375166E+00  1.913329E+00 -3.886355E-01
      3932 -4.165104E-01  2.786645E+00  1.397870E+00
      3933 -2.305319E-01  9.905519E-01  5.420277E-01
      3934 -4.117275E-01  5.463738E-02  6.056158E-01
      3969 -2.698704E-01  2.269646E+00  4.610072E-01
      3970 -6.478677E-01  4.653667E+00  6.433276E-01
      3973  5.252781E-01  1.983737E+00  9.945853E-01
      3974 -8.242717E-01  4.252862E+00  2.002528E+00
      3975  5.033533E-02  2.637487E+00  1.077119E+00
      3977 -2.976569E+00  9.217042E+00  1.450007E+00
      3978  7.333487E-01  2.655013E+01  6.240788E+00
      3979  4.632621E-01  1.793964E+00  1.136631E+00
      3980 -1.751178E-02  4.217566E+00  1.318136E+00
      3981  4.625380E-02  3.220805E+00  9.985155E-01
      3982 -8.270203E-01  4.225687E+00 -8.077105E-02
      3983  4.334890E-01  4.266945E+00  1.130185E+00
      3993 -1.042512E-02  4.392994E+00  5.467283E-01
      4046 -2.962287E-02 -8.954669E-01 -6.670644E-01
      4047  3.107413E-01  7.597742E-01 -2.468675E+00
      4057  1.127523E+00  1.952286E+00 -5.150465E-01
      4058  1.660761E+00  3.453973E+00 -2.213156E-01
      4063  1.746902E+00  3.161201E+00 -1.148793E+00
      5160  2.003650E-01 -6.008576E-01 -7.678426E-01
      5161 -3.618855E-02 -1.748593E-01 -3.177029E-01
      5162 -1.089719E-01 -1.086088E-01 -9.353218E-01
      5163 -8.867826E-01 -2.176570E+00 -8.322207E-01
      5164 -8.061392E-01 -1.867366E+00 -1.539023E+00
      5167  1.760206E+00  3.545492E+00 -2.972970E-01
      5170  1.563335E+00  3.155143E+00 -4.764615E-03
      5483 -2.473315E+00  2.024503E+01  1.745281E+00
      5484 -8.008588E-02  6.044335E+00  8.688736E-01
      5485  2.891946E-01  2.456140E+00  8.909833E-01
      5486 -1.076250E+00  4.879573E+00 -5.815786E-01
      5487 -3.324863E-01  2.869681E+00  5.174295E-01
      5488 -3.038534E-01  9.503958E-01  4.222730E-01
      5493  3.533764E-01  5.181327E-01 -2.217232E-01
      5503  2.866203E+00 -1.030084E+01  1.914132E+00
      5509 -5.956157E-01 -2.071658E+00  3.720326E+00
      5524  1.253063E-01  1.178791E+00  7.858989E-01
      5525 -1.708661E-01  7.318454E-01  1.048530E+00
      5612  4.885747E+00  1.308125E+01  3.870765E+00
      5615 -1.778383E-01 -1.771328E-01 -2.859348E-01
      5616  0.000000E+00  0.000000E+00  0.000000E+00
      5620 -1.144636E+00  5.413905E+00  2.299307E+00
      5621 -3.443918E+00  2.246958E+01  5.329490E+00
      5622 -1.013487E+00  1.717180E+01  3.594678E+00
      5623 -2.196268E+00  1.165150E+01  1.976650E+00
      5635 -2.234105E+00  5.262214E+00 -3.324760E-02
      5636 -2.194733E+00  5.428693E+00 -1.318516E+00
      5638 -1.900901E+00  4.292459E+00  2.200015E-02
      5701  3.960577E+00  7.558973E+00  1.268660E-01
      5702  1.562181E+00  2.800233E+00 -5.655637E-01
      5776  1.618162E-01  6.383290E-01 -4.204163E-01
      5777  6.691516E-01  3.611278E+00 -3.393755E+00
      5778 -2.372538E-02  2.774396E+00  4.034600E-01
      6003  1.460250E+00 -3.369106E+00 -3.059386E-01
      6004  1.728112E+00 -3.211966E+00 -4.422728E-01
      6039  6.574608E-02  4.912690E-02 -2.373807E-03
      6048 -2.444820E+00 -3.030994E+00  5.330591E-01
      6075 -1.822538E-01  1.874267E+00  6.438895E-01
      6076  0.000000E+00  0.000000E+00  0.000000E+00
      6157  1.725240E-01 -2.886463E+00  7.709673E-01
      6158 -1.206275E-01 -2.940052E+00  1.469493E+00
      6160 -5.612640E+00 -1.163012E+01  3.991877E+00
      6161 -1.073029E+00 -7.810753E+00  3.256387E+00
      6162 -1.672463E-01 -2.305649E+00  2.541389E+00
      6163 -2.963375E-01 -1.783879E+00  1.442598E+00
      6165 -8.796477E-01 -7.113473E+00  1.581436E+00
      6176  9.711968E-01 -9.035418E+00  2.995079E+00
      6181 -3.277444E+00 -1.126019E+00  8.915170E-01
      6182 -5.838657E-02 -1.352249E+00  5.909933E-01
      6192  1.055479E+00 -3.768083E+00  5.636191E-01
      6194 -7.957332E-03 -1.647466E+00  9.693751E-01
      6195  4.073122E-01 -3.464981E+00  8.264305E-01
      6196  3.875123E-01 -2.088757E+00  6.336668E-01
      6199 -1.100759E-01 -2.794384E+00 -2.827803E-01
      6200  3.296069E-01 -2.725412E+00  4.855984E-01
      6202  1.072582E+00 -8.097718E+00  1.504101E+00
      6239 -2.399051E-01  2.278018E-01 -2.229203E-02
      6240 -1.117636E+00 -1.879957E+00  1.229309E+00
      6241 -2.500612E-01 -1.928898E+00  7.398887E-01
      6245 -3.355919E-01 -4.311567E+00  9.515603E-01
      6246  9.914510E-01 -6.105262E+00  8.397588E-01
      6254  4.206108E-01 -2.381352E+00  1.111491E+00
      6255  2.563179E-01 -1.774398E+00  1.087969E+00
      6256  7.625385E-02 -1.174861E+00  6.083756E-01
      6257  1.740845E-01 -3.296316E+00  1.683550E+00
      6258  5.071235E-01 -1.098959E+00  1.084476E+00
      6259  1.914979E-01 -3.095852E+00  1.015391E+00
      6260  5.403945E+00 -1.054035E+01  3.031304E+00
      6261  9.836710E-01 -2.530161E+00  1.885982E+00
      6377  1.213089E+00  3.946831E+00 -1.735260E+00
      6378  1.541922E+00  4.100193E+00 -1.437618E+00
      6379  3.328678E-01  1.043002E+00 -4.623591E-01
      6400 -3.145861E+00  8.112545E+00 -1.666324E-01
      6401  0.000000E+00  0.000000E+00  0.000000E+00
      6402 -3.411283E-01  4.798112E-01  3.494432E-01
      6403  8.118282E-02 -1.153041E-01 -3.178640E-02
      6404  2.680795E+00 -6.582651E+00 -2.550269E+00
      6405  2.919512E+00 -1.486166E+01 -1.348054E+00
      6407  1.083064E+00  4.629884E-01  1.580512E+00
      6420 -1.346936E+00 -1.966468E-01 -3.258647E-02
      6421 -3.419153E+00 -6.731502E+00 -1.357293E+00
      6422 -2.563692E+00 -9.243410E+00 -3.132525E+00
      6423 -1.286499E+00 -8.219040E-01  4.765350E-01
      6428 -1.102187E+00  1.162599E+00 -1.622740E-01
      6433 -7.423182E-01 -1.311281E+00  4.704293E-01
      6435  1.545581E+00  1.807038E+00 -4.103907E-01
      6436 -6.928718E-01 -9.732869E-01 -2.624060E-01
      6437  3.022324E-01  7.460928E-01  4.963617E-01
      6438  0.000000E+00  0.000000E+00  0.000000E+00
      6439 -5.412033E-01 -9.825123E-01 -8.006506E-01
      6721 -1.200747E-01 -2.484690E+00  1.514428E+00
      6744 -1.382150E+00 -5.036792E+00  2.354159E-01
      6745  0.000000E+00  0.000000E+00  0.000000E+00
      6749  3.222152E-01 -4.326255E+00  1.187754E+00
      6788 -8.004159E-01 -3.023022E+00 -1.845909E-01
      6789 -5.102532E-02 -3.131660E-01 -7.238175E-01
      6790 -3.573952E-03 -7.327987E-01  6.048552E-01
      6791  1.737775E-01 -2.533697E+00  1.271584E+00
      6792  6.488109E-01 -3.523548E+00  7.813482E-01
      6793 -4.119794E-01 -9.510745E+00  2.481793E+00
      6795 -6.314193E+00 -2.415120E+01  4.442134E+00
      6798 -2.399431E+00 -8.043513E+00  1.834306E+00
      6799  9.685686E-02 -3.314177E+00  1.086242E+00
      6800  1.455138E+00 -1.057225E+01  1.844131E+00
      6801  3.332456E-02 -1.988788E+00  9.230720E-01
      6803  3.041654E-01 -7.543224E+00  2.167189E-01
      6804 -3.344260E-01 -6.901792E+00  7.037322E-01
      6819  7.959699E-01 -4.660436E+00  5.918857E-01
      6825  7.066847E-03 -3.112272E+00  1.027995E+00
      6827 -6.252628E-01 -8.526457E-01 -3.035572E-01
      6828 -6.492702E-01 -1.716316E+00 -2.378203E-01
      6830 -6.853104E-01  3.071580E+00  4.644026E-01
      6841  1.399035E-01 -7.141728E-02 -1.763756E-01
      6842  1.858561E+00 -6.169442E+00 -2.575482E+00
      6865 -1.347207E+00  3.664589E+00 -1.236298E+00
      6866 -2.396595E+00  7.709850E+00 -3.535071E+00
      6880  1.362611E+00 -1.045016E+00  7.217076E-02
      6881 -7.400127E-01  2.169862E+00 -7.283876E-01
      6882 -1.854136E-01 -5.045256E-01 -1.113052E+00
      6883  3.122790E-01  1.262077E+00 -9.907495E-01
      6884 -3.152625E-01 -1.279558E+00 -2.429852E+00
      6916  2.940491E-01 -5.765037E-01  1.710659E-01
      6917  9.188727E-01 -3.312090E-01 -4.155557E-01
      6918 -4.533933E-01 -8.743650E-01 -1.554634E+00
      6930  0.000000E+00  0.000000E+00  0.000000E+00
      6940  2.819559E+00 -4.286265E+00 -7.758920E-01
      6941  7.015553E-01 -4.646807E-01 -1.945623E-01
      6944 -2.292154E+00 -3.745773E+00 -6.749007E-01
      6945 -8.567266E-01 -1.330160E-01 -4.889332E-01
      6946 -2.944014E+00 -5.807021E+00 -1.000641E+00
      6965  6.478623E+00 -7.373276E+00  2.123320E+00
      6988 -1.448672E+00  2.385046E-01  1.058485E-01
      6993  0.000000E+00  0.000000E+00  0.000000E+00
      6994  0.000000E+00  0.000000E+00  0.000000E+00
      6999 -4.166314E-01 -3.086959E-01 -1.232749E-01
      7025  1.599642E+00  3.233548E+00 -1.960597E+00
      7145  3.912428E-02 -5.074895E-02 -8.002249E-01
      7155  3.049996E-02 -8.269848E-02 -1.328151E+00
      7183 -1.485264E-01 -4.263571E-01 -4.531216E-01
      7184 -3.770841E-01 -6.002824E-01 -3.961925E-01
      7185  3.666116E-01  3.642492E-01 -2.258534E-01
      7186 -6.312350E-01 -1.821817E+00  6.676052E-01
      7250  1.041154E+00 -5.363758E+00 -2.138450E+00
      7251  5.697775E+00 -6.047262E+00 -1.011531E+00
      7256 -1.456559E+00 -3.225116E+00 -4.645224E+00
      7265 -3.902646E-01 -2.263452E+00  7.811659E-01
      7266 -7.543810E-01 -1.595910E+00  1.988685E-01
      7267 -4.110101E-01 -4.324254E+00 -1.470192E-01
      7268 -3.702386E-02 -1.429972E+00  2.101047E-01
      7269  0.000000E+00  0.000000E+00  0.000000E+00
      7282  5.531812E-01 -1.252365E+00  1.148450E+00
      7288 -3.195691E-01 -3.888052E-01 -2.109800E-01
      7953 -1.945586E-01  2.084720E+00 -3.315333E-01
      7974  3.363252E+00  5.989351E+00 -4.441379E-01
      7975  1.872888E+00  2.108091E+00  5.027560E-01
      7983  2.390506E-01 -4.377104E-01 -5.126019E-01
      7984  3.431867E-03 -3.781975E-01 -1.054798E+00
      7985  4.337627E-01 -1.065667E+00  5.465044E-01
      7993 -3.766591E+00 -6.330627E+00  1.283341E+00
      7996 -1.026032E+00 -7.539364E-01  2.617766E-01
      7997 -1.844851E+00 -1.600402E+00  8.416285E-02
      8063 -3.714559E+00 -7.049716E+00  9.755486E-02
      8072  1.088196E+00  1.231228E+00 -3.917256E-01
      8073  8.937907E-01 -3.016314E+00 -1.586533E+00
      8078  9.445522E-01 -2.069696E+00  9.436171E-01
      8079 -3.004144E-01 -3.712395E+00  9.975219E-01
      8092  6.755632E-01 -4.654430E+00  2.453197E+00
      8099 -7.567869E-01 -2.241328E-01  1.823757E-01
      8236  4.988288E-01  4.044226E+00  1.881032E-01
      8237 -1.336377E+00  3.783330E+00  5.826142E-01
      8731  1.116975E+00  3.531691E+00 -5.324757E+00
      8897 -1.605690E+00  4.379163E+00 -4.783582E-02
      8927  9.651053E-01  2.744555E+01  6.607369E+00
      8928 -1.088415E-01  2.802528E+00  1.194489E+00
      9013 -2.614879E-01  2.610017E+00  4.147518E-01
      9014 -6.830704E-01  2.101649E+00  7.183418E-01
      9015 -2.867584E-01  3.102284E+00  1.261586E+00
      9017 -2.574379E-01  3.455838E+00  1.192967E+00
      9018  7.800036E-02  1.976936E+00  7.988925E-01
      9019 -1.123213E+00  4.706515E+00  6.693791E-01
      9041 -6.862305E+00  1.331912E+01  4.352728E+00
      9043 -3.596096E+00  1.278456E+01  4.954760E+00
      9081 -4.428323E-02  6.072124E+00  9.383017E-01
      9127 -3.102615E-01  2.755535E+00  1.050898E+00
      9128 -1.258858E+00  1.134860E+01  1.596199E+00
      9138 -1.005222E+00 -3.753461E-01 -4.923951E-01
      9139  0.000000E+00  0.000000E+00  0.000000E+00
      9140  0.000000E+00  0.000000E+00  0.000000E+00
      9141 -3.695341E-01 -3.606560E+00  1.027271E+00
      9146  2.465170E-01 -1.050042E-01 -3.109531E-01
      9172 -1.474417E-01  4.500427E+00  5.050640E-01
      9199  2.203806E+00  5.241332E+00 -1.416456E+00
      9205  3.109452E-03 -1.566175E-01 -1.549036E-01
      9215 -7.283482E-01  3.646887E+00  1.109296E-02
      9278  6.343588E-03  1.026150E-02 -1.546460E-02
      9279  0.000000E+00  0.000000E+00  0.000000E+00
      9280  6.958178E-01  2.055427E+00 -1.737836E-01
      9309  1.655723E+00 -4.404696E+00 -2.138070E-01
      9333 -9.308992E-02  7.586115E+00  3.529126E-01
      9337  5.500703E-01 -1.707012E+00 -6.107537E-01
      9338  6.442451E-01 -4.394258E+00  1.759541E+00
      9417  6.560296E-01  3.179245E-02 -3.308691E-01
      9418 -2.273358E-02 -2.805240E-02 -1.496446E-02
      9419  0.000000E+00  0.000000E+00  0.000000E+00
      9420  0.000000E+00  0.000000E+00  0.000000E+00
      9422 -5.239349E-01  1.872273E+00  1.026887E+00
      9437  8.677829E-01 -3.672456E+00 -7.648475E-01
      9453 -2.390715E+00 -3.651245E+00  6.324918E-01
      9454  0.000000E+00  0.000000E+00  0.000000E+00
      9455 -5.685738E-01 -6.672209E+00 -8.837135E-01
      9460  9.317035E-01 -8.444899E+00 -2.001301E+00
      9461  5.128955E+00 -5.411850E+00  1.393767E+00
      9462  6.239069E-01 -5.678925E-01 -1.306815E-01
      9463  3.327436E-01 -2.243401E+00 -7.129776E-01
      9464  4.164535E-01 -2.413553E+00 -4.552804E-01
      9485  2.303573E-01  5.262014E-01  2.830414E-01
      9486  0.000000E+00  0.000000E+00  0.000000E+00
      9487  3.468206E-01 -1.803221E-01 -6.339406E-01
      9488  0.000000E+00  0.000000E+00  0.000000E+00
      9489  1.325998E+00 -5.058776E+00  5.001892E-01
      9490  9.517713E-02 -9.674119E-02 -1.516166E-01
      9491  2.975029E-01 -9.462724E-01  1.636833E-01
      9495  6.655702E-01 -1.719726E+00  7.748536E-02
      9534  0.000000E+00  0.000000E+00  0.000000E+00
      9638  2.009060E-01 -2.112773E-01  8.949023E-02
      9661  0.000000E+00  0.000000E+00  0.000000E+00
      9662  4.104983E-01  1.754684E-01  1.286313E-01
      9663 -1.816102E+00 -3.550780E+00 -2.441002E+00
      9666 -7.753835E-01 -3.221023E+00 -2.992158E-01
      9667 -7.489988E-01 -1.806145E+00 -7.274817E-01
      9669 -8.727101E-01 -3.113688E-01 -5.061139E-01
      9670 -5.139907E-01 -3.598756E+00 -1.191552E-01
      9671 -6.404436E-01 -1.334766E+00 -5.687010E-01
      9736  1.734929E-01  1.351906E+01  1.616593E+00
      9743 -2.465965E-01 -1.695538E-01 -1.776567E-01
      9780 -8.725438E-01 -3.212418E+00  4.155657E-01
      9793  0.000000E+00  0.000000E+00  0.000000E+00
     10048 -9.096896E-01 -2.096980E+00  1.281769E+00
     10073 -6.639834E-02 -1.425870E-01 -1.331157E+00
     10100  4.115917E-01 -2.380873E+00  4.042926E-04
     10161 -9.444896E-01 -2.837860E+00  5.343815E-01
     10162 -1.500007E-01 -1.122010E+00  6.763357E-01
     10169  2.150198E+00  9.707958E+00  2.267624E+00
     10194 -6.827550E-02  1.842084E+00 -3.015031E+00
     10228 -1.275790E-01 -1.184012E+01  4.041412E+00
     10231  7.533618E-01 -4.985477E-01 -1.988917E-01
     10260  0.000000E+00  0.000000E+00  0.000000E+00
     10454  3.176984E+00 -5.673352E+00 -9.290986E-01
     10461  0.000000E+00  0.000000E+00  0.000000E+00
     10514 -8.509242E-01 -1.558783E+00  7.535441E-02
     10515 -3.824826E-01 -7.219494E-01 -2.339951E-01
     10521 -2.780890E-01  4.285803E-01 -3.948921E+00
     10524  0.000000E+00  0.000000E+00  0.000000E+00
     10606  7.075568E-01 -1.139661E+00 -1.893270E+00
     10609  6.842928E-01 -4.197802E+00 -4.011300E+00
     10628 -1.146028E+00 -1.494764E+00  9.224529E-01
     10656 -7.473754E-01 -1.476661E+00  1.642141E+00
     10660 -1.153939E+00 -8.346332E-01  1.101826E+00
     13435  3.022228E-01  8.417101E-01 -4.907384E-01
     13436  3.848206E-01  7.808153E-01 -3.392752E-01
     13437 -7.926718E-01 -1.200322E+00  4.459354E-01
     13438  3.421021E-01  4.457458E-01 -9.781311E-02
     13439 -7.040580E-01 -1.222430E+00 -2.184369E-01
     13440 -7.990226E-01 -1.491080E+00 -3.005576E-01
     13473 -5.391615E-01 -1.265434E+00  8.413290E-03
     13542  1.322034E-01 -1.867478E-01  2.462090E-02
     13543 -1.317081E-01  2.576538E-02 -1.671538E-02
     13546  1.131740E-01 -1.243667E-01 -1.749221E-02
     13547  0.000000E+00  0.000000E+00  0.000000E+00
     13563  5.878472E-01  9.918267E-01  2.083646E-02
     13570 -1.914173E-02  6.311485E-02 -1.700658E-01
     13571  6.534141E-02 -3.289666E-02 -5.876866E-02
     13573 -1.968533E-01  7.595874E-02  2.116299E-02
     13574  0.000000E+00  0.000000E+00  0.000000E+00
     13575  0.000000E+00  0.000000E+00  0.000000E+00
     13576  0.000000E+00  0.000000E+00  0.000000E+00
     13577  0.000000E+00  0.000000E+00  0.000000E+00
     13578  0.000000E+00  0.000000E+00  0.000000E+00
     13579 -1.169870E+00 -2.139421E+00 -4.386099E-01
     13588 -4.071938E-01 -8.266789E-01  1.092810E-01
     13590 -7.455045E-01 -1.545304E+00 -7.124629E-01
     13600 -3.793847E-02 -2.415112E-01 -5.036836E-01
     13601  1.068319E-01 -2.953516E-01 -4.113786E-01
     13602  0.000000E+00  0.000000E+00  0.000000E+00
     13603 -1.328489E-02 -3.270715E-01 -2.021695E-01
     13607  0.000000E+00  0.000000E+00  0.000000E+00
     13630  0.000000E+00  0.000000E+00  0.000000E+00
     13631 -1.246589E-01 -3.887712E-01  3.005754E-02
     13678  0.000000E+00  0.000000E+00  0.000000E+00
     13684  0.000000E+00  0.000000E+00  0.000000E+00
     13685 -3.368172E-01  9.266848E-01  4.417295E-01
     13697  0.000000E+00  0.000000E+00  0.000000E+00
     13698  0.000000E+00  0.000000E+00  0.000000E+00
     13699  6.050718E-02  2.553074E-01 -2.798947E-03
     13700  0.000000E+00  0.000000E+00  0.000000E+00
     13737 -1.875192E+00  2.239462E+00 -3.636829E-01
     13739  0.000000E+00  0.000000E+00  0.000000E+00
     13771  0.000000E+00  0.000000E+00  0.000000E+00
     13772 -1.591073E-01  7.948826E-02  1.008360E-01
     13782 -8.453112E-02  1.066595E-01 -5.572274E-02
     14300  0.000000E+00  0.000000E+00  0.000000E+00
     14301  0.000000E+00  0.000000E+00  0.000000E+00
     14307 -3.672357E-01  1.373135E-01 -3.359094E-02
     14362  4.757464E-01 -9.796854E-01  1.982838E-01
     14363  6.929474E-01 -1.547823E+00 -5.097474E-02
     14364  0.000000E+00  0.000000E+00  0.000000E+00
     14365 -1.809353E-01  1.521780E-01  3.323444E-02
     14378  2.449984E+00 -4.418405E+00 -1.803210E+00
     14379  3.415530E-01  1.412031E-01  1.343583E-01
     14380 -9.573873E-01  6.111780E-01  1.277476E-01
     14381  4.704321E-01 -4.239266E-01  9.998332E-03
     14382  2.242206E-01 -8.288786E-03 -2.015969E-01
     14383  3.016886E-01 -5.878764E-01 -2.927584E-01
     14479  3.610060E-01  8.953177E-02  1.009076E-01
     14644  1.248265E-01 -3.766114E-01  2.030170E-01
     14647 -5.727359E-01 -2.140810E+00 -1.048632E-01
     14648 -3.254446E-02 -5.652367E-02  1.715495E-01
     14654  0.000000E+00  0.000000E+00  0.000000E+00
     14694 -2.077269E-02 -7.224163E-02  2.541023E-02
     14702 -4.681734E-02  1.148682E-02  3.101069E-02
     14768  0.000000E+00  0.000000E+00  0.000000E+00
     14781  2.030649E-01 -1.418807E-01 -1.160375E-01
     14782  0.000000E+00  0.000000E+00  0.000000E+00
     14788  0.000000E+00  0.000000E+00  0.000000E+00
     14789 -2.897404E-03  5.269358E-03  4.172289E-03
     14790  9.262568E-03 -1.520916E-01 -9.442481E-02
     14795 -6.648993E+00 -8.796474E+00  1.519088E+00
     14800 -4.280226E+00 -7.653021E+00  3.965967E+00
     14802 -2.958332E+00 -4.765597E+00  4.071505E-01
     14805 -1.564484E+00 -1.106211E+00  6.034271E-01
     14814  5.803220E-01 -6.666912E-01  2.047495E-02
     14876  6.605454E-01 -1.162606E+00  7.408536E-01
     14877  1.053816E+00 -1.062978E+00  7.939047E-01
     14878  5.374698E-01 -7.811345E-01  1.194994E+00
     14880  3.981468E-02 -4.122091E+00  4.460174E-01
     14882  6.180657E-01 -2.527589E+00  4.348012E-01
     14883  1.133071E+00 -2.981071E+00  8.055029E-02
     14885  1.189824E+00 -1.028063E+00  3.673680E-01
     14886  9.416193E-01 -1.542848E+00  4.494734E-01
     14887  8.629233E-01 -7.886524E-01  2.163712E-01
     14889  3.274606E+00 -4.116538E+00  7.449288E-02
     14907  4.112009E+00 -5.273334E+00  1.311309E+00
     14908  5.507832E+00 -6.735124E+00  1.860489E+00
     14928 -3.074570E-03 -6.755558E-01  1.115577E+00
     14929 -7.573697E-01  2.353638E+00 -1.983185E+00
     14955  3.268245E-01 -3.498110E+00  5.683795E+00
     14959 -4.396902E-01 -9.188984E+00  5.774768E-01
     14968 -3.154607E-02 -1.517684E+01  1.851963E+00
     14981  1.381668E-01 -8.009178E+00  7.971693E-01
     14982 -1.326493E+00 -5.806501E+00  2.175186E+00
     14983  1.934393E+00 -1.072435E+01 -2.651326E+00
     14985 -1.406578E+00 -2.430667E+01  2.388759E+00
     14986  7.546666E-01 -2.974031E+00  2.266341E+00
     14987 -1.577249E-01 -1.595407E+00  7.772388E-01
     14989  0.000000E+00  0.000000E+00  0.000000E+00
     14990  0.000000E+00  0.000000E+00  0.000000E+00
     14991  1.680223E-01 -4.628284E+00  1.368073E+00
     14992  0.000000E+00  0.000000E+00  0.000000E+00
     14993 -2.030554E-01  2.211999E-01  5.857672E-01
     14994  2.578307E-01 -2.039647E+00 -1.754591E-01
     14995  5.358489E-03  1.099078E-03  5.509230E-02
     15668  0.000000E+00  0.000000E+00  0.000000E+00
